#trajectory
#pose_format: tx ty tz qx qy qz qw
epoch: 0 pose: 0.0005 0.0000 0.0000 -0.0000 -0.0000 0.0002 1.0000
epoch: 1 pose: 0.0015 0.0000 0.0000 -0.0001 -0.0001 0.0003 1.0000
epoch: 2 pose: 0.0030 0.0000 0.0000 -0.0002 -0.0002 0.0012 1.0000
epoch: 3 pose: 0.0050 0.0000 0.0000 -0.0002 -0.0003 0.0029 1.0000
epoch: 4 pose: 0.0075 0.0000 0.0000 -0.0003 -0.0004 0.0037 1.0000
epoch: 5 pose: 0.0105 0.0000 0.0000 -0.0004 -0.0004 0.0052 1.0000
epoch: 6 pose: 0.0140 0.0001 0.0000 -0.0005 -0.0005 0.0062 1.0000
epoch: 7 pose: 0.0180 0.0001 0.0000 -0.0006 -0.0006 0.0064 1.0000
epoch: 8 pose: 0.0225 0.0002 0.0000 -0.0007 -0.0006 0.0072 1.0000
epoch: 9 pose: 0.0275 0.0003 0.0000 -0.0008 -0.0007 0.0079 1.0000
epoch: 10 pose: 0.0330 0.0003 0.0000 -0.0010 -0.0007 0.0085 1.0000
epoch: 11 pose: 0.0390 0.0004 0.0000 -0.0011 -0.0007 0.0093 1.0000
epoch: 12 pose: 0.0455 0.0006 0.0000 -0.0012 -0.0008 0.0092 1.0000
epoch: 13 pose: 0.0525 0.0007 0.0001 -0.0014 -0.0008 0.0095 1.0000
epoch: 14 pose: 0.0600 0.0008 0.0001 -0.0015 -0.0009 0.0107 0.9999
epoch: 15 pose: 0.0680 0.0010 0.0001 -0.0016 -0.0011 0.0126 0.9999
epoch: 16 pose: 0.0765 0.0012 0.0001 -0.0017 -0.0011 0.0140 0.9999
epoch: 17 pose: 0.0855 0.0015 0.0001 -0.0019 -0.0012 0.0157 0.9999
epoch: 18 pose: 0.0950 0.0018 0.0001 -0.0020 -0.0013 0.0175 0.9998
epoch: 19 pose: 0.1050 0.0021 0.0002 -0.0020 -0.0015 0.0182 0.9998
epoch: 20 pose: 0.1155 0.0025 0.0002 -0.0021 -0.0016 0.0191 0.9998
epoch: 21 pose: 0.1265 0.0029 0.0002 -0.0021 -0.0017 0.0193 0.9998
epoch: 22 pose: 0.1380 0.0034 0.0003 -0.0022 -0.0017 0.0195 0.9998
epoch: 23 pose: 0.1499 0.0038 0.0003 -0.0023 -0.0018 0.0198 0.9998
epoch: 24 pose: 0.1624 0.0043 0.0004 -0.0025 -0.0019 0.0209 0.9998
epoch: 25 pose: 0.1754 0.0049 0.0004 -0.0025 -0.0019 0.0214 0.9998
epoch: 26 pose: 0.1889 0.0055 0.0005 -0.0026 -0.0020 0.0212 0.9998
epoch: 27 pose: 0.2029 0.0061 0.0005 -0.0026 -0.0021 0.0216 0.9998
epoch: 28 pose: 0.2174 0.0067 0.0006 -0.0027 -0.0022 0.0226 0.9997
epoch: 29 pose: 0.2324 0.0074 0.0006 -0.0028 -0.0023 0.0244 0.9997
epoch: 30 pose: 0.2478 0.0081 0.0007 -0.0029 -0.0024 0.0266 0.9996
epoch: 31 pose: 0.2638 0.0090 0.0008 -0.0030 -0.0026 0.0291 0.9996
epoch: 32 pose: 0.2803 0.0099 0.0009 -0.0032 -0.0028 0.0313 0.9995
epoch: 33 pose: 0.2973 0.0110 0.0009 -0.0033 -0.0030 0.0337 0.9994
epoch: 34 pose: 0.3147 0.0122 0.0011 -0.0034 -0.0032 0.0358 0.9993
epoch: 35 pose: 0.3327 0.0135 0.0012 -0.0035 -0.0034 0.0381 0.9993
epoch: 36 pose: 0.3511 0.0149 0.0013 -0.0035 -0.0036 0.0400 0.9992
epoch: 37 pose: 0.3701 0.0164 0.0014 -0.0036 -0.0038 0.0421 0.9991
epoch: 38 pose: 0.3895 0.0180 0.0016 -0.0037 -0.0041 0.0444 0.9990
epoch: 39 pose: 0.4094 0.0198 0.0017 -0.0037 -0.0043 0.0461 0.9989
epoch: 40 pose: 0.4298 0.0217 0.0019 -0.0037 -0.0045 0.0485 0.9988
epoch: 41 pose: 0.4507 0.0237 0.0021 -0.0038 -0.0048 0.0514 0.9987
epoch: 42 pose: 0.4721 0.0259 0.0023 -0.0038 -0.0050 0.0551 0.9985
epoch: 43 pose: 0.4940 0.0284 0.0025 -0.0039 -0.0052 0.0578 0.9983
epoch: 44 pose: 0.5163 0.0309 0.0027 -0.0039 -0.0054 0.0613 0.9981
epoch: 45 pose: 0.5391 0.0338 0.0029 -0.0040 -0.0055 0.0650 0.9979
epoch: 46 pose: 0.5624 0.0368 0.0032 -0.0040 -0.0057 0.0693 0.9976
epoch: 47 pose: 0.5862 0.0401 0.0034 -0.0041 -0.0059 0.0745 0.9972
epoch: 48 pose: 0.6104 0.0438 0.0037 -0.0042 -0.0060 0.0797 0.9968
epoch: 49 pose: 0.6351 0.0478 0.0040 -0.0042 -0.0063 0.0842 0.9964
epoch: 50 pose: 0.6603 0.0520 0.0043 -0.0043 -0.0065 0.0890 0.9960
epoch: 51 pose: 0.6858 0.0566 0.0046 -0.0044 -0.0066 0.0947 0.9955
epoch: 52 pose: 0.7119 0.0616 0.0049 -0.0046 -0.0068 0.1010 0.9949
epoch: 53 pose: 0.7383 0.0671 0.0053 -0.0047 -0.0069 0.1082 0.9941
epoch: 54 pose: 0.7652 0.0730 0.0056 -0.0047 -0.0070 0.1162 0.9932
epoch: 55 pose: 0.7924 0.0795 0.0060 -0.0048 -0.0070 0.1243 0.9922
epoch: 56 pose: 0.8200 0.0865 0.0063 -0.0048 -0.0070 0.1316 0.9913
epoch: 57 pose: 0.8480 0.0941 0.0067 -0.0049 -0.0069 0.1392 0.9902
epoch: 58 pose: 0.8764 0.1022 0.0071 -0.0050 -0.0069 0.1459 0.9893
epoch: 59 pose: 0.9051 0.1109 0.0074 -0.0050 -0.0068 0.1517 0.9884
epoch: 60 pose: 0.9342 0.1200 0.0078 -0.0050 -0.0067 0.1579 0.9874
epoch: 61 pose: 0.9636 0.1297 0.0082 -0.0051 -0.0067 0.1640 0.9864
epoch: 62 pose: 0.9934 0.1399 0.0085 -0.0051 -0.0066 0.1694 0.9855
epoch: 63 pose: 1.0236 0.1506 0.0089 -0.0051 -0.0065 0.1742 0.9847
epoch: 64 pose: 1.0541 0.1617 0.0092 -0.0052 -0.0063 0.1798 0.9837
epoch: 65 pose: 1.0850 0.1734 0.0096 -0.0053 -0.0062 0.1862 0.9825
epoch: 66 pose: 1.1162 0.1856 0.0099 -0.0053 -0.0061 0.1929 0.9812
epoch: 67 pose: 1.1476 0.1985 0.0103 -0.0054 -0.0060 0.1995 0.9799
epoch: 68 pose: 1.1794 0.2120 0.0106 -0.0054 -0.0059 0.2052 0.9787
epoch: 69 pose: 1.2114 0.2261 0.0109 -0.0055 -0.0058 0.2115 0.9773
epoch: 70 pose: 1.2437 0.2407 0.0113 -0.0055 -0.0057 0.2171 0.9761
epoch: 71 pose: 1.2764 0.2560 0.0116 -0.0055 -0.0056 0.2232 0.9747
epoch: 72 pose: 1.3092 0.2719 0.0119 -0.0056 -0.0055 0.2293 0.9733
epoch: 73 pose: 1.3423 0.2884 0.0122 -0.0056 -0.0054 0.2349 0.9720
epoch: 74 pose: 1.3757 0.3055 0.0125 -0.0056 -0.0053 0.2413 0.9704
epoch: 75 pose: 1.4093 0.3233 0.0128 -0.0056 -0.0051 0.2477 0.9688
epoch: 76 pose: 1.4430 0.3418 0.0130 -0.0056 -0.0050 0.2543 0.9671
epoch: 77 pose: 1.4770 0.3610 0.0133 -0.0055 -0.0048 0.2600 0.9656
epoch: 78 pose: 1.5111 0.3808 0.0136 -0.0055 -0.0047 0.2659 0.9640
epoch: 79 pose: 1.5455 0.4013 0.0138 -0.0055 -0.0046 0.2710 0.9625
epoch: 80 pose: 1.5800 0.4225 0.0140 -0.0055 -0.0045 0.2758 0.9612
epoch: 81 pose: 1.6148 0.4442 0.0143 -0.0055 -0.0045 0.2799 0.9600
epoch: 82 pose: 1.6498 0.4665 0.0145 -0.0054 -0.0044 0.2841 0.9588
epoch: 83 pose: 1.6850 0.4894 0.0147 -0.0053 -0.0044 0.2875 0.9578
epoch: 84 pose: 1.7205 0.5128 0.0150 -0.0052 -0.0045 0.2900 0.9570
epoch: 85 pose: 1.7562 0.5367 0.0152 -0.0050 -0.0046 0.2917 0.9565
epoch: 86 pose: 1.7923 0.5609 0.0155 -0.0049 -0.0046 0.2941 0.9557
epoch: 87 pose: 1.8287 0.5857 0.0157 -0.0047 -0.0046 0.2964 0.9550
epoch: 88 pose: 1.8654 0.6109 0.0160 -0.0046 -0.0047 0.2988 0.9543
epoch: 89 pose: 1.9024 0.6365 0.0163 -0.0045 -0.0047 0.3003 0.9538
epoch: 90 pose: 1.9397 0.6626 0.0166 -0.0043 -0.0047 0.3014 0.9535
epoch: 91 pose: 1.9773 0.6891 0.0168 -0.0042 -0.0048 0.3028 0.9530
epoch: 92 pose: 2.0153 0.7159 0.0172 -0.0041 -0.0048 0.3048 0.9524
epoch: 93 pose: 2.0535 0.7432 0.0175 -0.0039 -0.0049 0.3075 0.9515
epoch: 94 pose: 2.0920 0.7710 0.0178 -0.0038 -0.0049 0.3110 0.9504
epoch: 95 pose: 2.1308 0.7994 0.0181 -0.0037 -0.0049 0.3136 0.9495
epoch: 96 pose: 2.1697 0.8282 0.0185 -0.0036 -0.0050 0.3153 0.9490
epoch: 97 pose: 2.2090 0.8576 0.0188 -0.0035 -0.0050 0.3171 0.9484
epoch: 98 pose: 2.2485 0.8873 0.0192 -0.0033 -0.0050 0.3181 0.9480
epoch: 99 pose: 2.2884 0.9175 0.0195 -0.0032 -0.0049 0.3195 0.9476
epoch: 100 pose: 2.3282 0.9478 0.0199 -0.0031 -0.0050 0.3202 0.9473
epoch: 101 pose: 2.3679 0.9781 0.0203 -0.0029 -0.0050 0.3211 0.9470
epoch: 102 pose: 2.4076 1.0085 0.0207 -0.0028 -0.0050 0.3225 0.9466
epoch: 103 pose: 2.4472 1.0391 0.0210 -0.0027 -0.0050 0.3234 0.9462
epoch: 104 pose: 2.4867 1.0697 0.0214 -0.0026 -0.0051 0.3239 0.9461
epoch: 105 pose: 2.5263 1.1003 0.0218 -0.0025 -0.0051 0.3247 0.9458
epoch: 106 pose: 2.5657 1.1310 0.0222 -0.0024 -0.0053 0.3247 0.9458
epoch: 107 pose: 2.6052 1.1617 0.0226 -0.0024 -0.0054 0.3254 0.9455
epoch: 108 pose: 2.6446 1.1925 0.0231 -0.0023 -0.0055 0.3261 0.9453
epoch: 109 pose: 2.6839 1.2233 0.0235 -0.0023 -0.0056 0.3260 0.9453
epoch: 110 pose: 2.7233 1.2541 0.0240 -0.0022 -0.0058 0.3253 0.9456
epoch: 111 pose: 2.7627 1.2849 0.0245 -0.0021 -0.0059 0.3251 0.9457
epoch: 112 pose: 2.8021 1.3156 0.0249 -0.0021 -0.0060 0.3242 0.9460
epoch: 113 pose: 2.8416 1.3463 0.0254 -0.0020 -0.0062 0.3241 0.9460
epoch: 114 pose: 2.8811 1.3770 0.0260 -0.0020 -0.0063 0.3248 0.9458
epoch: 115 pose: 2.9206 1.4077 0.0265 -0.0020 -0.0065 0.3256 0.9455
epoch: 116 pose: 2.9600 1.4385 0.0270 -0.0020 -0.0067 0.3266 0.9451
epoch: 117 pose: 2.9993 1.4694 0.0276 -0.0021 -0.0069 0.3270 0.9450
epoch: 118 pose: 3.0386 1.5003 0.0282 -0.0022 -0.0072 0.3272 0.9449
epoch: 119 pose: 3.0779 1.5312 0.0288 -0.0023 -0.0074 0.3268 0.9450
epoch: 120 pose: 3.1172 1.5621 0.0294 -0.0023 -0.0077 0.3261 0.9453
epoch: 121 pose: 3.1566 1.5929 0.0301 -0.0024 -0.0079 0.3248 0.9457
epoch: 122 pose: 3.1960 1.6236 0.0307 -0.0024 -0.0081 0.3233 0.9463
epoch: 123 pose: 3.2355 1.6542 0.0314 -0.0024 -0.0083 0.3224 0.9466
epoch: 124 pose: 3.2751 1.6847 0.0321 -0.0025 -0.0085 0.3211 0.9470
epoch: 125 pose: 3.3148 1.7151 0.0329 -0.0025 -0.0087 0.3203 0.9473
epoch: 126 pose: 3.3545 1.7455 0.0336 -0.0026 -0.0090 0.3188 0.9478
epoch: 127 pose: 3.3944 1.7757 0.0344 -0.0026 -0.0093 0.3175 0.9482
epoch: 128 pose: 3.4343 1.8058 0.0352 -0.0026 -0.0096 0.3167 0.9485
epoch: 129 pose: 3.4742 1.8359 0.0360 -0.0026 -0.0098 0.3158 0.9488
epoch: 130 pose: 3.5143 1.8658 0.0369 -0.0026 -0.0101 0.3152 0.9490
epoch: 131 pose: 3.5543 1.8957 0.0377 -0.0026 -0.0104 0.3141 0.9493
epoch: 132 pose: 3.5944 1.9256 0.0386 -0.0026 -0.0106 0.3140 0.9494
epoch: 133 pose: 3.6346 1.9554 0.0396 -0.0026 -0.0109 0.3140 0.9494
epoch: 134 pose: 3.6747 1.9852 0.0405 -0.0026 -0.0111 0.3137 0.9494
epoch: 135 pose: 3.7148 2.0150 0.0415 -0.0027 -0.0113 0.3133 0.9496
epoch: 136 pose: 3.7550 2.0447 0.0425 -0.0027 -0.0116 0.3133 0.9496
epoch: 137 pose: 3.7952 2.0745 0.0435 -0.0028 -0.0118 0.3142 0.9493
epoch: 138 pose: 3.8353 2.1043 0.0445 -0.0028 -0.0121 0.3147 0.9491
epoch: 139 pose: 3.8754 2.1342 0.0456 -0.0028 -0.0124 0.3145 0.9492
epoch: 140 pose: 3.9155 2.1640 0.0467 -0.0028 -0.0127 0.3145 0.9492
epoch: 141 pose: 3.9556 2.1939 0.0478 -0.0028 -0.0130 0.3150 0.9490
epoch: 142 pose: 3.9956 2.2238 0.0489 -0.0029 -0.0133 0.3155 0.9488
epoch: 143 pose: 4.0356 2.2537 0.0501 -0.0030 -0.0136 0.3168 0.9484
epoch: 144 pose: 4.0756 2.2838 0.0513 -0.0031 -0.0138 0.3188 0.9477
epoch: 145 pose: 4.1154 2.3140 0.0525 -0.0032 -0.0141 0.3204 0.9472
epoch: 146 pose: 4.1551 2.3444 0.0537 -0.0032 -0.0143 0.3226 0.9464
epoch: 147 pose: 4.1947 2.3749 0.0550 -0.0033 -0.0145 0.3241 0.9459
epoch: 148 pose: 4.2342 2.4056 0.0563 -0.0035 -0.0146 0.3248 0.9457
epoch: 149 pose: 4.2736 2.4363 0.0575 -0.0037 -0.0148 0.3254 0.9455
epoch: 150 pose: 4.3130 2.4670 0.0588 -0.0038 -0.0149 0.3253 0.9455
epoch: 151 pose: 4.3524 2.4978 0.0601 -0.0041 -0.0151 0.3256 0.9454
epoch: 152 pose: 4.3918 2.5286 0.0614 -0.0042 -0.0151 0.3251 0.9455
epoch: 153 pose: 4.4312 2.5593 0.0627 -0.0044 -0.0152 0.3254 0.9454
epoch: 154 pose: 4.4706 2.5901 0.0640 -0.0046 -0.0153 0.3264 0.9451
epoch: 155 pose: 4.5099 2.6210 0.0653 -0.0049 -0.0154 0.3271 0.9449
epoch: 156 pose: 4.5492 2.6519 0.0666 -0.0051 -0.0155 0.3285 0.9444
epoch: 157 pose: 4.5883 2.6829 0.0679 -0.0055 -0.0155 0.3306 0.9436
epoch: 158 pose: 4.6274 2.7141 0.0691 -0.0058 -0.0156 0.3332 0.9427
epoch: 159 pose: 4.6663 2.7455 0.0704 -0.0061 -0.0157 0.3358 0.9418
epoch: 160 pose: 4.7050 2.7772 0.0717 -0.0063 -0.0157 0.3379 0.9410
epoch: 161 pose: 4.7435 2.8090 0.0729 -0.0067 -0.0157 0.3407 0.9400
epoch: 162 pose: 4.7819 2.8410 0.0742 -0.0069 -0.0158 0.3437 0.9389
epoch: 163 pose: 4.8201 2.8733 0.0754 -0.0072 -0.0159 0.3464 0.9379
epoch: 164 pose: 4.8580 2.9058 0.0767 -0.0074 -0.0160 0.3496 0.9367
epoch: 165 pose: 4.8958 2.9386 0.0779 -0.0076 -0.0160 0.3521 0.9358
epoch: 166 pose: 4.9334 2.9715 0.0792 -0.0077 -0.0160 0.3555 0.9345
epoch: 167 pose: 4.9707 3.0048 0.0804 -0.0079 -0.0159 0.3598 0.9329
epoch: 168 pose: 5.0077 3.0383 0.0816 -0.0080 -0.0159 0.3648 0.9309
epoch: 169 pose: 5.0444 3.0723 0.0828 -0.0082 -0.0158 0.3697 0.9290
epoch: 170 pose: 5.0807 3.1067 0.0839 -0.0083 -0.0157 0.3744 0.9271
epoch: 171 pose: 5.1166 3.1414 0.0851 -0.0084 -0.0156 0.3792 0.9252
epoch: 172 pose: 5.1522 3.1765 0.0862 -0.0086 -0.0155 0.3841 0.9231
epoch: 173 pose: 5.1875 3.2119 0.0873 -0.0087 -0.0154 0.3881 0.9214
epoch: 174 pose: 5.2224 3.2477 0.0884 -0.0088 -0.0154 0.3928 0.9195
epoch: 175 pose: 5.2569 3.2839 0.0894 -0.0090 -0.0153 0.3978 0.9173
epoch: 176 pose: 5.2911 3.3204 0.0905 -0.0091 -0.0151 0.4022 0.9154
epoch: 177 pose: 5.3249 3.3572 0.0915 -0.0092 -0.0150 0.4074 0.9131
epoch: 178 pose: 5.3583 3.3944 0.0925 -0.0092 -0.0148 0.4118 0.9111
epoch: 179 pose: 5.3913 3.4319 0.0935 -0.0092 -0.0146 0.4167 0.9089
epoch: 180 pose: 5.4239 3.4698 0.0944 -0.0092 -0.0145 0.4214 0.9067
epoch: 181 pose: 5.4561 3.5080 0.0953 -0.0092 -0.0143 0.4254 0.9048
epoch: 182 pose: 5.4880 3.5466 0.0962 -0.0091 -0.0143 0.4297 0.9028
epoch: 183 pose: 5.5195 3.5854 0.0971 -0.0091 -0.0142 0.4330 0.9012
epoch: 184 pose: 5.5507 3.6244 0.0980 -0.0089 -0.0142 0.4358 0.8999
epoch: 185 pose: 5.5817 3.6636 0.0989 -0.0088 -0.0141 0.4380 0.8988
epoch: 186 pose: 5.6125 3.7030 0.0998 -0.0086 -0.0142 0.4409 0.8974
epoch: 187 pose: 5.6431 3.7426 0.1007 -0.0084 -0.0142 0.4442 0.8958
epoch: 188 pose: 5.6733 3.7824 0.1016 -0.0083 -0.0143 0.4469 0.8944
epoch: 189 pose: 5.7033 3.8224 0.1025 -0.0081 -0.0143 0.4491 0.8933
epoch: 190 pose: 5.7331 3.8625 0.1034 -0.0079 -0.0143 0.4508 0.8925
epoch: 191 pose: 5.7628 3.9027 0.1043 -0.0077 -0.0143 0.4526 0.8916
epoch: 192 pose: 5.7923 3.9431 0.1052 -0.0075 -0.0143 0.4552 0.8902
epoch: 193 pose: 5.8215 3.9836 0.1062 -0.0074 -0.0143 0.4571 0.8893
epoch: 194 pose: 5.8506 4.0243 0.1071 -0.0072 -0.0142 0.4587 0.8884
epoch: 195 pose: 5.8796 4.0651 0.1080 -0.0070 -0.0142 0.4602 0.8877
epoch: 196 pose: 5.9084 4.1059 0.1090 -0.0067 -0.0141 0.4617 0.8869
epoch: 197 pose: 5.9370 4.1469 0.1099 -0.0064 -0.0140 0.4633 0.8861
epoch: 198 pose: 5.9655 4.1880 0.1109 -0.0062 -0.0140 0.4648 0.8853
epoch: 199 pose: 5.9939 4.2291 0.1118 -0.0059 -0.0140 0.4659 0.8847
epoch: 200 pose: 6.0222 4.2703 0.1128 -0.0055 -0.0139 0.4668 0.8842
epoch: 201 pose: 6.0504 4.3116 0.1138 -0.0052 -0.0139 0.4669 0.8842
epoch: 202 pose: 6.0786 4.3529 0.1147 -0.0048 -0.0139 0.4661 0.8846
epoch: 203 pose: 6.1068 4.3941 0.1158 -0.0044 -0.0140 0.4658 0.8848
epoch: 204 pose: 6.1351 4.4354 0.1168 -0.0040 -0.0140 0.4652 0.8851
epoch: 205 pose: 6.1634 4.4765 0.1178 -0.0036 -0.0141 0.4646 0.8854
epoch: 206 pose: 6.1918 4.5177 0.1189 -0.0033 -0.0141 0.4634 0.8860
epoch: 207 pose: 6.2203 4.5587 0.1200 -0.0028 -0.0141 0.4618 0.8869
epoch: 208 pose: 6.2490 4.5997 0.1211 -0.0024 -0.0142 0.4610 0.8873
epoch: 209 pose: 6.2777 4.6406 0.1223 -0.0020 -0.0141 0.4595 0.8881
epoch: 210 pose: 6.3066 4.6814 0.1234 -0.0015 -0.0142 0.4582 0.8887
epoch: 211 pose: 6.3356 4.7221 0.1246 -0.0011 -0.0142 0.4575 0.8891
epoch: 212 pose: 6.3646 4.7628 0.1258 -0.0006 -0.0142 0.4576 0.8890
epoch: 213 pose: 6.3937 4.8035 0.1271 -0.0001 -0.0142 0.4578 0.8889
epoch: 214 pose: 6.4227 4.8442 0.1283 0.0003 -0.0143 0.4581 0.8888
epoch: 215 pose: 6.4517 4.8849 0.1296 0.0008 -0.0143 0.4581 0.8888
epoch: 216 pose: 6.4807 4.9256 0.1309 0.0013 -0.0143 0.4589 0.8884
epoch: 217 pose: 6.5096 4.9664 0.1323 0.0017 -0.0143 0.4592 0.8882
epoch: 218 pose: 6.5385 5.0072 0.1336 0.0022 -0.0142 0.4588 0.8884
epoch: 219 pose: 6.5674 5.0479 0.1350 0.0027 -0.0142 0.4584 0.8886
epoch: 220 pose: 6.5964 5.0887 0.1364 0.0033 -0.0141 0.4587 0.8885
epoch: 221 pose: 6.6253 5.1294 0.1378 0.0038 -0.0141 0.4585 0.8886
epoch: 222 pose: 6.6543 5.1702 0.1392 0.0043 -0.0140 0.4581 0.8888
epoch: 223 pose: 6.6833 5.2109 0.1406 0.0047 -0.0139 0.4569 0.8894
epoch: 224 pose: 6.7124 5.2515 0.1421 0.0052 -0.0139 0.4556 0.8901
epoch: 225 pose: 6.7416 5.2920 0.1436 0.0057 -0.0138 0.4549 0.8904
epoch: 226 pose: 6.7709 5.3325 0.1450 0.0061 -0.0137 0.4546 0.8905
epoch: 227 pose: 6.8002 5.3730 0.1465 0.0066 -0.0137 0.4547 0.8905
epoch: 228 pose: 6.8295 5.4135 0.1481 0.0071 -0.0136 0.4539 0.8909
epoch: 229 pose: 6.8589 5.4539 0.1496 0.0077 -0.0135 0.4531 0.8913
epoch: 230 pose: 6.8883 5.4943 0.1512 0.0083 -0.0134 0.4515 0.8921
epoch: 231 pose: 6.9179 5.5346 0.1527 0.0088 -0.0134 0.4498 0.8930
epoch: 232 pose: 6.9477 5.5747 0.1543 0.0094 -0.0133 0.4478 0.8940
epoch: 233 pose: 6.9776 5.6148 0.1559 0.0100 -0.0132 0.4450 0.8954
epoch: 234 pose: 7.0078 5.6546 0.1575 0.0106 -0.0130 0.4415 0.8971
epoch: 235 pose: 7.0383 5.6942 0.1592 0.0112 -0.0128 0.4371 0.8993
epoch: 236 pose: 7.0692 5.7335 0.1608 0.0119 -0.0126 0.4322 0.9016
epoch: 237 pose: 7.1005 5.7724 0.1625 0.0125 -0.0124 0.4281 0.9036
epoch: 238 pose: 7.1321 5.8111 0.1641 0.0131 -0.0122 0.4236 0.9057
epoch: 239 pose: 7.1642 5.8494 0.1658 0.0138 -0.0119 0.4189 0.9079
epoch: 240 pose: 7.1966 5.8874 0.1674 0.0144 -0.0116 0.4137 0.9102
epoch: 241 pose: 7.2295 5.9251 0.1691 0.0151 -0.0114 0.4085 0.9125
epoch: 242 pose: 7.2628 5.9623 0.1707 0.0157 -0.0111 0.4026 0.9152
epoch: 243 pose: 7.2966 5.9992 0.1724 0.0163 -0.0108 0.3971 0.9175
epoch: 244 pose: 7.3308 6.0356 0.1740 0.0168 -0.0105 0.3913 0.9201
epoch: 245 pose: 7.3655 6.0716 0.1756 0.0173 -0.0102 0.3846 0.9229
epoch: 246 pose: 7.4007 6.1070 0.1773 0.0178 -0.0099 0.3778 0.9257
epoch: 247 pose: 7.4364 6.1420 0.1788 0.0183 -0.0096 0.3709 0.9284
epoch: 248 pose: 7.4726 6.1764 0.1804 0.0188 -0.0094 0.3635 0.9314
epoch: 249 pose: 7.5094 6.2103 0.1820 0.0192 -0.0091 0.3569 0.9339
epoch: 250 pose: 7.5466 6.2436 0.1835 0.0197 -0.0088 0.3495 0.9367
epoch: 251 pose: 7.5844 6.2763 0.1850 0.0201 -0.0086 0.3420 0.9394
epoch: 252 pose: 7.6227 6.3084 0.1865 0.0205 -0.0082 0.3343 0.9422
epoch: 253 pose: 7.6615 6.3399 0.1880 0.0210 -0.0078 0.3261 0.9451
epoch: 254 pose: 7.7009 6.3707 0.1894 0.0214 -0.0074 0.3170 0.9481
epoch: 255 pose: 7.7408 6.4007 0.1908 0.0219 -0.0069 0.3075 0.9513
epoch: 256 pose: 7.7814 6.4300 0.1921 0.0225 -0.0065 0.2985 0.9541
epoch: 257 pose: 7.8224 6.4584 0.1934 0.0230 -0.0060 0.2887 0.9571
epoch: 258 pose: 7.8641 6.4861 0.1946 0.0236 -0.0055 0.2785 0.9601
epoch: 259 pose: 7.9064 6.5128 0.1958 0.0242 -0.0050 0.2673 0.9633
epoch: 260 pose: 7.9492 6.5385 0.1970 0.0247 -0.0045 0.2552 0.9666
epoch: 261 pose: 7.9927 6.5632 0.1980 0.0252 -0.0040 0.2425 0.9698
epoch: 262 pose: 8.0368 6.5867 0.1990 0.0257 -0.0034 0.2292 0.9730
epoch: 263 pose: 8.0816 6.6090 0.1999 0.0262 -0.0028 0.2151 0.9762
epoch: 264 pose: 8.1269 6.6300 0.2008 0.0266 -0.0022 0.2004 0.9793
epoch: 265 pose: 8.1729 6.6496 0.2015 0.0269 -0.0016 0.1857 0.9822
epoch: 266 pose: 8.2195 6.6678 0.2022 0.0273 -0.0011 0.1711 0.9849
epoch: 267 pose: 8.2665 6.6847 0.2028 0.0277 -0.0004 0.1564 0.9873
epoch: 268 pose: 8.3141 6.7001 0.2032 0.0281 0.0002 0.1415 0.9895
epoch: 269 pose: 8.3621 6.7141 0.2036 0.0284 0.0009 0.1267 0.9915
epoch: 270 pose: 8.4105 6.7267 0.2039 0.0288 0.0015 0.1118 0.9933
epoch: 271 pose: 8.4592 6.7378 0.2041 0.0292 0.0021 0.0969 0.9949
epoch: 272 pose: 8.5083 6.7475 0.2042 0.0295 0.0026 0.0830 0.9961
epoch: 273 pose: 8.5576 6.7557 0.2041 0.0298 0.0032 0.0695 0.9971
epoch: 274 pose: 8.6071 6.7627 0.2040 0.0301 0.0038 0.0555 0.9980
epoch: 275 pose: 8.6568 6.7682 0.2038 0.0303 0.0044 0.0416 0.9987
epoch: 276 pose: 8.7066 6.7724 0.2035 0.0306 0.0049 0.0286 0.9991
epoch: 277 pose: 8.7565 6.7752 0.2031 0.0309 0.0054 0.0162 0.9994
epoch: 278 pose: 8.8065 6.7769 0.2026 0.0312 0.0059 0.0040 0.9995
epoch: 279 pose: 8.8565 6.7773 0.2020 0.0315 0.0064 -0.0081 0.9995
epoch: 280 pose: 8.9065 6.7765 0.2013 0.0317 0.0069 -0.0201 0.9993
epoch: 281 pose: 8.9564 6.7745 0.2006 0.0319 0.0074 -0.0316 0.9990
epoch: 282 pose: 9.0063 6.7714 0.1998 0.0321 0.0078 -0.0428 0.9985
epoch: 283 pose: 9.0562 6.7671 0.1988 0.0323 0.0084 -0.0540 0.9980
epoch: 284 pose: 9.1059 6.7618 0.1978 0.0325 0.0089 -0.0649 0.9973
epoch: 285 pose: 9.1554 6.7553 0.1967 0.0326 0.0094 -0.0765 0.9965
epoch: 286 pose: 9.2048 6.7477 0.1955 0.0328 0.0100 -0.0884 0.9955
epoch: 287 pose: 9.2540 6.7390 0.1943 0.0330 0.0105 -0.0996 0.9944
epoch: 288 pose: 9.3030 6.7291 0.1929 0.0333 0.0111 -0.1099 0.9933
epoch: 289 pose: 9.3518 6.7182 0.1914 0.0336 0.0116 -0.1198 0.9922
epoch: 290 pose: 9.4004 6.7064 0.1899 0.0339 0.0121 -0.1297 0.9909
epoch: 291 pose: 9.4487 6.6936 0.1882 0.0342 0.0127 -0.1388 0.9897
epoch: 292 pose: 9.4967 6.6799 0.1865 0.0344 0.0132 -0.1476 0.9884
epoch: 293 pose: 9.5445 6.6653 0.1847 0.0347 0.0137 -0.1564 0.9870
epoch: 294 pose: 9.5921 6.6499 0.1828 0.0350 0.0141 -0.1644 0.9857
epoch: 295 pose: 9.6393 6.6338 0.1808 0.0353 0.0146 -0.1722 0.9843
epoch: 296 pose: 9.6864 6.6169 0.1788 0.0356 0.0151 -0.1807 0.9828
epoch: 297 pose: 9.7331 6.5992 0.1767 0.0360 0.0156 -0.1882 0.9814
epoch: 298 pose: 9.7795 6.5808 0.1745 0.0363 0.0161 -0.1958 0.9798
epoch: 299 pose: 9.8256 6.5616 0.1722 0.0365 0.0166 -0.2025 0.9785
epoch: 300 pose: 9.8715 6.5419 0.1698 0.0369 0.0171 -0.2084 0.9772
epoch: 301 pose: 9.9171 6.5216 0.1674 0.0372 0.0176 -0.2149 0.9758
epoch: 302 pose: 9.9625 6.5007 0.1649 0.0376 0.0180 -0.2207 0.9745
epoch: 303 pose: 10.0076  6.4793  0.1623 0.0379 0.0185 -0.2272 0.9729
epoch: 304 pose: 10.0524  6.4572  0.1596 0.0383 0.0189 -0.2339 0.9713
epoch: 305 pose: 10.0969  6.4346  0.1569 0.0386 0.0194 -0.2410 0.9696
epoch: 306 pose: 10.1410  6.4113  0.1541 0.0388 0.0200 -0.2490 0.9675
epoch: 307 pose: 10.1848  6.3873  0.1512 0.0391 0.0205 -0.2566 0.9655
epoch: 308 pose: 10.2282  6.3626  0.1482 0.0393 0.0210 -0.2646 0.9633
epoch: 309 pose: 10.2711  6.3372  0.1451 0.0394 0.0216 -0.2734 0.9609
epoch: 310 pose: 10.3136  6.3110  0.1420 0.0396 0.0222 -0.2815 0.9585
epoch: 311 pose: 10.3556  6.2841  0.1387 0.0398 0.0228 -0.2905 0.9558
epoch: 312 pose: 10.3971  6.2564  0.1354 0.0400 0.0234 -0.2997 0.9529
epoch: 313 pose: 10.4381  6.2280  0.1320 0.0401 0.0240 -0.3085 0.9501
epoch: 314 pose: 10.4785  6.1987  0.1284 0.0403 0.0246 -0.3179 0.9469
epoch: 315 pose: 10.5184  6.1687  0.1248 0.0404 0.0252 -0.3268 0.9439
epoch: 316 pose: 10.5576  6.1380  0.1211 0.0405 0.0258 -0.3357 0.9408
epoch: 317 pose: 10.5963  6.1065  0.1173 0.0405 0.0263 -0.3441 0.9377
epoch: 318 pose: 10.6344  6.0743  0.1135 0.0406 0.0270 -0.3531 0.9343
epoch: 319 pose: 10.6718  6.0415  0.1095 0.0406 0.0276 -0.3612 0.9312
epoch: 320 pose: 10.7087  6.0079  0.1055 0.0406 0.0282 -0.3687 0.9283
epoch: 321 pose: 10.7450  5.9738  0.1014 0.0407 0.0287 -0.3753 0.9256
epoch: 322 pose: 10.7809  5.9392  0.0972 0.0407 0.0293 -0.3818 0.9229
epoch: 323 pose: 10.8162  5.9041  0.0929 0.0407 0.0299 -0.3889 0.9199
epoch: 324 pose: 10.8510  5.8685  0.0886 0.0407 0.0306 -0.3965 0.9166
epoch: 325 pose: 10.8852  5.8322  0.0842 0.0406 0.0312 -0.4038 0.9134
epoch: 326 pose: 10.9188  5.7955  0.0797 0.0406 0.0318 -0.4117 0.9099
epoch: 327 pose: 10.9517  5.7581  0.0751 0.0405 0.0324 -0.4191 0.9065
epoch: 328 pose: 10.9841  5.7203  0.0705 0.0405 0.0330 -0.4264 0.9030
epoch: 329 pose: 11.0158  5.6819  0.0658 0.0405 0.0336 -0.4331 0.8998
epoch: 330 pose: 11.0469  5.6431  0.0610 0.0405 0.0342 -0.4395 0.8967
epoch: 331 pose: 11.0775  5.6038  0.0562 0.0406 0.0348 -0.4451 0.8939
epoch: 332 pose: 11.1075  5.5642  0.0513 0.0406 0.0353 -0.4500 0.8914
epoch: 333 pose: 11.1372  5.5242  0.0463 0.0407 0.0359 -0.4553 0.8887
epoch: 334 pose: 11.1663  5.4839  0.0412 0.0408 0.0365 -0.4611 0.8857
epoch: 335 pose: 11.1949  5.4432  0.0361 0.0408 0.0371 -0.4674 0.8823
epoch: 336 pose: 11.2229  5.4021  0.0309 0.0408 0.0377 -0.4736 0.8790
epoch: 337 pose: 11.2504  5.3606  0.0257 0.0407 0.0383 -0.4806 0.8752
epoch: 338 pose: 11.2771  5.3187  0.0204 0.0408 0.0389 -0.4870 0.8716
epoch: 339 pose: 11.3032  5.2764  0.0150 0.0408 0.0395 -0.4932 0.8681
epoch: 340 pose: 11.3288  5.2338  0.0096 0.0407 0.0402 -0.5001 0.8640
epoch: 341 pose: 11.3536  5.1907  0.0041 0.0407 0.0408 -0.5069 0.8601
epoch: 342 pose: 11.3777  5.1473 -0.0015 0.0408 0.0415 -0.5139 0.8559
epoch: 343 pose: 11.4011  5.1035 -0.0072 0.0409 0.0421 -0.5202 0.8520
epoch: 344 pose: 11.4239  5.0593 -0.0129 0.0410 0.0427 -0.5263 0.8482
epoch: 345 pose: 11.4460  5.0149 -0.0187 0.0411 0.0433 -0.5319 0.8447
epoch: 346 pose: 11.4676  4.9701 -0.0245 0.0412 0.0438 -0.5377 0.8410
epoch: 347 pose: 11.4885  4.9251 -0.0304 0.0413 0.0443 -0.5433 0.8373
epoch: 348 pose: 11.5087  4.8798 -0.0363 0.0414 0.0447 -0.5494 0.8334
epoch: 349 pose: 11.5284  4.8342 -0.0423 0.0415 0.0452 -0.5552 0.8295
epoch: 350 pose: 11.5473  4.7883 -0.0484 0.0417 0.0456 -0.5608 0.8256
epoch: 351 pose: 11.5657  4.7422 -0.0545 0.0417 0.0461 -0.5672 0.8212
epoch: 352 pose: 11.5833  4.6958 -0.0606 0.0418 0.0465 -0.5731 0.8171
epoch: 353 pose: 11.6002  4.6492 -0.0668 0.0418 0.0470 -0.5790 0.8129
epoch: 354 pose: 11.6165  4.6023 -0.0731 0.0418 0.0474 -0.5851 0.8085
epoch: 355 pose: 11.6320  4.5552 -0.0794 0.0418 0.0478 -0.5914 0.8039
epoch: 356 pose: 11.6468  4.5079 -0.0857 0.0418 0.0482 -0.5976 0.7992
epoch: 357 pose: 11.6609  4.4603 -0.0920 0.0418 0.0486 -0.6036 0.7947
epoch: 358 pose: 11.6742  4.4125 -0.0984 0.0419 0.0489 -0.6091 0.7905
epoch: 359 pose: 11.6869  4.3646 -0.1048 0.0419 0.0493 -0.6151 0.7858
epoch: 360 pose: 11.6988  4.3165 -0.1113 0.0420 0.0496 -0.6205 0.7815
epoch: 361 pose: 11.7100  4.2682 -0.1178 0.0421 0.0499 -0.6259 0.7772
epoch: 362 pose: 11.7206  4.2198 -0.1243 0.0421 0.0502 -0.6307 0.7732
epoch: 363 pose: 11.7306  4.1712 -0.1308 0.0421 0.0505 -0.6363 0.7687
epoch: 364 pose: 11.7399  4.1225 -0.1374 0.0420 0.0508 -0.6424 0.7635
epoch: 365 pose: 11.7483  4.0737 -0.1440 0.0420 0.0512 -0.6486 0.7582
epoch: 366 pose: 11.7560  4.0247 -0.1506 0.0419 0.0516 -0.6556 0.7522
epoch: 367 pose: 11.7628  3.9756 -0.1572 0.0418 0.0520 -0.6623 0.7462
epoch: 368 pose: 11.7686  3.9264 -0.1638 0.0416 0.0525 -0.6696 0.7397
epoch: 369 pose: 11.7735  3.8771 -0.1705 0.0415 0.0529 -0.6769 0.7330
epoch: 370 pose: 11.7774  3.8277 -0.1772 0.0413 0.0534 -0.6846 0.7258
epoch: 371 pose: 11.7803  3.7782 -0.1839 0.0410 0.0539 -0.6926 0.7181
epoch: 372 pose: 11.7820  3.7287 -0.1906 0.0406 0.0544 -0.7006 0.7103
epoch: 373 pose: 11.7826  3.6792 -0.1973 0.0403 0.0549 -0.7079 0.7030
epoch: 374 pose: 11.7822  3.6296 -0.2040 0.0400 0.0553 -0.7147 0.6960
epoch: 375 pose: 11.7808  3.5801 -0.2107 0.0397 0.0557 -0.7216 0.6889
epoch: 376 pose: 11.7784  3.5306 -0.2174 0.0394 0.0560 -0.7280 0.6821
epoch: 377 pose: 11.7751  3.4812 -0.2241 0.0391 0.0564 -0.7350 0.6746
epoch: 378 pose: 11.7708  3.4318 -0.2308 0.0388 0.0567 -0.7413 0.6677
epoch: 379 pose: 11.7655  3.3825 -0.2375 0.0385 0.0569 -0.7472 0.6610
epoch: 380 pose: 11.7593  3.3333 -0.2441 0.0382 0.0571 -0.7525 0.6550
epoch: 381 pose: 11.7524  3.2843 -0.2507 0.0378 0.0574 -0.7583 0.6483
epoch: 382 pose: 11.7446  3.2353 -0.2573 0.0374 0.0576 -0.7640 0.6416
epoch: 383 pose: 11.7359  3.1865 -0.2638 0.0370 0.0578 -0.7695 0.6350
epoch: 384 pose: 11.7263  3.1379 -0.2704 0.0365 0.0580 -0.7754 0.6277
epoch: 385 pose: 11.7159  3.0894 -0.2768 0.0361 0.0582 -0.7814 0.6202
epoch: 386 pose: 11.7045  3.0412 -0.2833 0.0356 0.0584 -0.7873 0.6128
epoch: 387 pose: 11.6921  2.9931 -0.2896 0.0352 0.0586 -0.7931 0.6053
epoch: 388 pose: 11.6789  2.9453 -0.2960 0.0348 0.0588 -0.7988 0.5976
epoch: 389 pose: 11.6647  2.8978 -0.3023 0.0345 0.0590 -0.8045 0.5899
epoch: 390 pose: 11.6497  2.8505 -0.3085 0.0341 0.0592 -0.8100 0.5824
epoch: 391 pose: 11.6337  2.8036 -0.3148 0.0339 0.0594 -0.8150 0.5754
epoch: 392 pose: 11.6169  2.7569 -0.3209 0.0335 0.0595 -0.8200 0.5683
epoch: 393 pose: 11.5993  2.7105 -0.3271 0.0332 0.0597 -0.8248 0.5612
epoch: 394 pose: 11.5809  2.6644 -0.3332 0.0330 0.0599 -0.8292 0.5547
epoch: 395 pose: 11.5618  2.6186 -0.3392 0.0328 0.0600 -0.8333 0.5486
epoch: 396 pose: 11.5420  2.5731 -0.3452 0.0326 0.0602 -0.8374 0.5423
epoch: 397 pose: 11.5215  2.5278 -0.3512 0.0324 0.0603 -0.8409 0.5368
epoch: 398 pose: 11.5005  2.4829 -0.3572 0.0323 0.0604 -0.8439 0.5321
epoch: 399 pose: 11.4789  2.4382 -0.3631 0.0322 0.0605 -0.8468 0.5274
epoch: 400 pose: 11.4568  2.3937 -0.3690 0.0320 0.0606 -0.8501 0.5221
epoch: 401 pose: 11.4342  2.3495 -0.3749 0.0319 0.0607 -0.8530 0.5174
epoch: 402 pose: 11.4110  2.3056 -0.3808 0.0317 0.0608 -0.8563 0.5119
epoch: 403 pose: 11.3873  2.2619 -0.3866 0.0315 0.0609 -0.8601 0.5055
epoch: 404 pose: 11.3630  2.2187 -0.3924 -0.0313 -0.0610 0.8635 -0.4996
epoch: 405 pose: 11.3380  2.1757 -0.3982 -0.0310 -0.0612 0.8673 -0.4930
epoch: 406 pose: 11.3124  2.1331 -0.4039 -0.0308 -0.0614 0.8710 -0.4865
epoch: 407 pose: 11.2862  2.0910 -0.4095 -0.0306 -0.0615 0.8745 -0.4801
epoch: 408 pose: 11.2593  2.0492 -0.4152 -0.0305 -0.0616 0.8779 -0.4739
epoch: 409 pose: 11.2319  2.0077 -0.4208 -0.0303 -0.0617 0.8813 -0.4675
epoch: 410 pose: 11.2038  1.9667 -0.4263 -0.0302 -0.0619 0.8846 -0.4611
epoch: 411 pose: 11.1752  1.9261 -0.4318 -0.0300 -0.0620 0.8881 -0.4544
epoch: 412 pose: 11.1459  1.8860 -0.4373 -0.0297 -0.0622 0.8916 -0.4476
epoch: 413 pose: 11.1161  1.8462 -0.4428 -0.0294 -0.0624 0.8948 -0.4411
epoch: 414 pose: 11.0856  1.8069 -0.4481 -0.0291 -0.0625 0.8979 -0.4349
epoch: 415 pose: 11.0546  1.7681 -0.4535 -0.0288 -0.0628 0.9010 -0.4282
epoch: 416 pose: 11.0230  1.7297 -0.4588 -0.0284 -0.0630 0.9045 -0.4208
epoch: 417 pose: 10.9908  1.6918 -0.4640 -0.0280 -0.0633 0.9078 -0.4136
epoch: 418 pose: 10.9580  1.6544 -0.4691 -0.0276 -0.0635 0.9112 -0.4062
epoch: 419 pose: 10.9246  1.6176 -0.4742 -0.0272 -0.0637 0.9142 -0.3992
epoch: 420 pose: 10.8906  1.5813 -0.4793 -0.0268 -0.0639 0.9174 -0.3919
epoch: 421 pose: 10.8560  1.5455 -0.4842 -0.0265 -0.0641 0.9203 -0.3850
epoch: 422 pose: 10.8209  1.5102 -0.4891 -0.0261 -0.0643 0.9230 -0.3784
epoch: 423 pose: 10.7853  1.4755 -0.4940 -0.0258 -0.0644 0.9255 -0.3725
epoch: 424 pose: 10.7492  1.4412 -0.4988 -0.0255 -0.0646 0.9277 -0.3668
epoch: 425 pose: 10.7128  1.4073 -0.5035 -0.0254 -0.0647 0.9296 -0.3619
epoch: 426 pose: 10.6759  1.3738 -0.5082 -0.0252 -0.0648 0.9314 -0.3573
epoch: 427 pose: 10.6387  1.3407 -0.5129 -0.0251 -0.0649 0.9329 -0.3534
epoch: 428 pose: 10.6013  1.3079 -0.5175 -0.0250 -0.0650 0.9340 -0.3504
epoch: 429 pose: 10.5636  1.2753 -0.5221 -0.0249 -0.0651 0.9351 -0.3475
epoch: 430 pose: 10.5258  1.2430 -0.5267 -0.0247 -0.0652 0.9362 -0.3445
epoch: 431 pose: 10.4877  1.2109 -0.5313 -0.0245 -0.0654 0.9372 -0.3417
epoch: 432 pose: 10.4494  1.1790 -0.5358 -0.0242 -0.0655 0.9385 -0.3380
epoch: 433 pose: 10.4109  1.1475 -0.5403 -0.0240 -0.0657 0.9398 -0.3346
epoch: 434 pose: 10.3722  1.1162 -0.5447 -0.0238 -0.0658 0.9410 -0.3310
epoch: 435 pose: 10.3332  1.0852 -0.5492 -0.0235 -0.0659 0.9423 -0.3273
epoch: 436 pose: 10.2940  1.0545 -0.5535 -0.0233 -0.0660 0.9436 -0.3235
epoch: 437 pose: 10.2545  1.0241 -0.5579 -0.0230 -0.0662 0.9451 -0.3191
epoch: 438 pose: 10.2147  0.9941 -0.5621 -0.0228 -0.0663 0.9467 -0.3144
epoch: 439 pose: 10.1747  0.9645 -0.5664 -0.0226 -0.0663 0.9483 -0.3094
epoch: 440 pose: 10.1343  0.9353 -0.5706 -0.0224 -0.0664 0.9499 -0.3047
epoch: 441 pose: 10.0936  0.9065 -0.5747 -0.0222 -0.0665 0.9511 -0.3008
epoch: 442 pose: 10.0527  0.8781 -0.5788 -0.0220 -0.0665 0.9525 -0.2962
epoch: 443 pose: 10.0115  0.8500 -0.5829 -0.0219 -0.0665 0.9541 -0.2912
epoch: 444 pose:  9.9701  0.8223 -0.5869 -0.0217 -0.0666 0.9556 -0.2863
epoch: 445 pose:  9.9283  0.7951 -0.5909 -0.0215 -0.0667 0.9568 -0.2821
epoch: 446 pose:  9.8863  0.7683 -0.5949 -0.0214 -0.0667 0.9581 -0.2779
epoch: 447 pose:  9.8441  0.7418 -0.5988 -0.0212 -0.0667 0.9593 -0.2734
epoch: 448 pose:  9.8016  0.7157 -0.6026 -0.0210 -0.0668 0.9607 -0.2686
epoch: 449 pose:  9.7589  0.6900 -0.6064 -0.0208 -0.0667 0.9620 -0.2640
epoch: 450 pose:  9.7159  0.6648 -0.6102 -0.0206 -0.0667 0.9635 -0.2586
epoch: 451 pose:  9.6726  0.6400 -0.6139 -0.0202 -0.0666 0.9652 -0.2522
epoch: 452 pose:  9.6290  0.6158 -0.6175 -0.0199 -0.0666 0.9670 -0.2451
epoch: 453 pose:  9.5851  0.5922 -0.6211 -0.0195 -0.0666 0.9690 -0.2372
epoch: 454 pose:  9.5407  0.5694 -0.6246 -0.0191 -0.0666 0.9707 -0.2300
epoch: 455 pose:  9.4960  0.5472 -0.6280 -0.0188 -0.0665 0.9722 -0.2236
epoch: 456 pose:  9.4511  0.5256 -0.6313 -0.0185 -0.0664 0.9737 -0.2172
epoch: 457 pose:  9.4058  0.5045 -0.6345 -0.0181 -0.0663 0.9749 -0.2116
epoch: 458 pose:  9.3603  0.4840 -0.6377 -0.0177 -0.0661 0.9763 -0.2054
epoch: 459 pose:  9.3146  0.4641 -0.6408 -0.0173 -0.0660 0.9776 -0.1989
epoch: 460 pose:  9.2686  0.4448 -0.6438 -0.0169 -0.0658 0.9788 -0.1933
epoch: 461 pose:  9.2224  0.4260 -0.6467 -0.0165 -0.0656 0.9799 -0.1875
epoch: 462 pose:  9.1759  0.4077 -0.6496 -0.0160 -0.0653 0.9811 -0.1813
epoch: 463 pose:  9.1292  0.3900 -0.6523 -0.0156 -0.0651 0.9822 -0.1754
epoch: 464 pose:  9.0823  0.3729 -0.6550 -0.0152 -0.0648 0.9834 -0.1689
epoch: 465 pose:  9.0352  0.3564 -0.6576 -0.0147 -0.0645 0.9846 -0.1620
epoch: 466 pose:  8.9878  0.3405 -0.6601 -0.0142 -0.0641 0.9858 -0.1547
epoch: 467 pose:  8.9402  0.3253 -0.6624 -0.0137 -0.0638 0.9868 -0.1481
epoch: 468 pose:  8.8925  0.3108 -0.6648 -0.0133 -0.0636 0.9877 -0.1424
epoch: 469 pose:  8.8445  0.2968 -0.6670 -0.0128 -0.0633 0.9886 -0.1358
epoch: 470 pose:  8.7964  0.2835 -0.6691 -0.0123 -0.0630 0.9895 -0.1293
epoch: 471 pose:  8.7481  0.2708 -0.6711 -0.0119 -0.0627 0.9903 -0.1237
epoch: 472 pose:  8.6996  0.2586 -0.6731 -0.0114 -0.0624 0.9910 -0.1175
epoch: 473 pose:  8.6510  0.2470 -0.6749 -0.0109 -0.0621 0.9918 -0.1116
epoch: 474 pose:  8.6023  0.2360 -0.6767 -0.0105 -0.0617 0.9925 -0.1052
epoch: 475 pose:  8.5534  0.2256 -0.6784 -0.0100 -0.0614 0.9931 -0.0997
epoch: 476 pose:  8.5044  0.2158 -0.6800 -0.0096 -0.0610 0.9937 -0.0936
epoch: 477 pose:  8.4553  0.2066 -0.6815 -0.0091 -0.0606 0.9942 -0.0884
epoch: 478 pose:  8.4060  0.1978 -0.6830 -0.0086 -0.0603 0.9947 -0.0825
epoch: 479 pose:  8.3567  0.1897 -0.6843 -0.0081 -0.0599 0.9953 -0.0762
epoch: 480 pose:  8.3073  0.1821 -0.6856 -0.0075 -0.0595 0.9958 -0.0690
epoch: 481 pose:  8.2578  0.1753 -0.6867 -0.0070 -0.0591 0.9963 -0.0619
epoch: 482 pose:  8.2082  0.1692 -0.6878 -0.0065 -0.0588 0.9967 -0.0549
epoch: 483 pose:  8.1585  0.1638 -0.6888 -0.0059 -0.0585 0.9971 -0.0477
epoch: 484 pose:  8.1087  0.1590 -0.6896 -0.0053 -0.0581 0.9975 -0.0396
epoch: 485 pose:  8.0589  0.1551 -0.6904 -0.0046 -0.0578 0.9978 -0.0316
epoch: 486 pose:  8.0090  0.1520 -0.6910 -0.0040 -0.0575 0.9980 -0.0241
epoch: 487 pose:  7.9591  0.1496 -0.6916 -0.0034 -0.0572 0.9982 -0.0156
epoch: 488 pose:  7.9091  0.1481 -0.6920 -0.0027 -0.0569 0.9984 -0.0069
epoch: 489 pose:  7.8591  0.1474 -0.6923 -0.0019 -0.0566 0.9984 0.0028
epoch: 490 pose:  7.8091  0.1477 -0.6925 -0.0011 -0.0563 0.9983 0.0127
epoch: 491 pose:  7.7591  0.1490 -0.6925 -0.0003 -0.0559 0.9982 0.0231
epoch: 492 pose:  7.7092  0.1513 -0.6924 0.0005 -0.0556 0.9979 0.0341
epoch: 493 pose:  7.6593  0.1547 -0.6922 0.0014 -0.0552 0.9974 0.0455
epoch: 494 pose:  7.6095  0.1592 -0.6918 0.0022 -0.0548 0.9969 0.0570
epoch: 495 pose:  7.5598  0.1649 -0.6913 0.0030 -0.0544 0.9962 0.0680
epoch: 496 pose:  7.5103  0.1716 -0.6906 0.0038 -0.0539 0.9954 0.0790
epoch: 497 pose:  7.4609  0.1795 -0.6898 0.0046 -0.0535 0.9946 0.0891
epoch: 498 pose:  7.4117  0.1883 -0.6889 0.0054 -0.0530 0.9936 0.1000
epoch: 499 pose:  7.3627  0.1982 -0.6878 0.0062 -0.0525 0.9925 0.1106
epoch: 500 pose:  7.3139  0.2092 -0.6866 0.0069 -0.0521 0.9913 0.1203
epoch: 501 pose:  7.2654  0.2211 -0.6853 0.0077 -0.0517 0.9901 0.1301
epoch: 502 pose:  7.2171  0.2339 -0.6839 0.0084 -0.0512 0.9889 0.1390
epoch: 503 pose:  7.1690  0.2476 -0.6823 0.0091 -0.0508 0.9878 0.1471
epoch: 504 pose:  7.1212  0.2621 -0.6807 0.0098 -0.0503 0.9866 0.1548
epoch: 505 pose:  7.0736  0.2773 -0.6789 0.0105 -0.0498 0.9855 0.1620
epoch: 506 pose:  7.0262  0.2932 -0.6771 0.0112 -0.0494 0.9841 0.1700
epoch: 507 pose:  6.9791  0.3099 -0.6751 0.0120 -0.0489 0.9828 0.1777
epoch: 508 pose:  6.9323  0.3273 -0.6731 0.0127 -0.0483 0.9815 0.1850
epoch: 509 pose:  6.8857  0.3454 -0.6709 0.0134 -0.0477 0.9799 0.1930
epoch: 510 pose:  6.8395  0.3642 -0.6687 0.0142 -0.0471 0.9783 0.2013
epoch: 511 pose:  6.7936  0.3839 -0.6664 0.0150 -0.0465 0.9766 0.2096
epoch: 512 pose:  6.7480  0.4043 -0.6639 0.0157 -0.0459 0.9749 0.2171
epoch: 513 pose:  6.7027  0.4254 -0.6614 0.0163 -0.0452 0.9732 0.2248
epoch: 514 pose:  6.6578  0.4472 -0.6588 0.0171 -0.0446 0.9712 0.2332
epoch: 515 pose:  6.6133  0.4697 -0.6561 0.0179 -0.0439 0.9691 0.2421
epoch: 516 pose:  6.5691  0.4931 -0.6533 0.0187 -0.0432 0.9668 0.2513
epoch: 517 pose:  6.5255  0.5173 -0.6504 0.0196 -0.0425 0.9642 0.2612
epoch: 518 pose:  6.4824  0.5424 -0.6474 0.0204 -0.0419 0.9615 0.2708
epoch: 519 pose:  6.4397  0.5684 -0.6443 0.0211 -0.0412 0.9585 0.2811
epoch: 520 pose:  6.3977  0.5952 -0.6412 0.0219 -0.0404 0.9557 0.2908
epoch: 521 pose:  6.3562  0.6230 -0.6379 0.0227 -0.0398 0.9530 0.2996
epoch: 522 pose:  6.3152  0.6514 -0.6345 0.0234 -0.0391 0.9504 0.3077
epoch: 523 pose:  6.2747  0.6806 -0.6311 0.0242 -0.0384 0.9479 0.3153
epoch: 524 pose:  6.2347  0.7104 -0.6276 0.0250 -0.0377 0.9455 0.3225
epoch: 525 pose:  6.1952  0.7408 -0.6240 0.0257 -0.0371 0.9430 0.3296
epoch: 526 pose:  6.1561  0.7717 -0.6204 0.0264 -0.0364 0.9406 0.3364
epoch: 527 pose:  6.1175  0.8033 -0.6166 0.0272 -0.0358 0.9384 0.3427
epoch: 528 pose:  6.0793  0.8353 -0.6129 0.0279 -0.0351 0.9363 0.3484
epoch: 529 pose:  6.0416  0.8679 -0.6090 0.0286 -0.0344 0.9343 0.3537
epoch: 530 pose:  6.0041  0.9008 -0.6052 0.0292 -0.0338 0.9321 0.3595
epoch: 531 pose:  5.9672  0.9342 -0.6012 0.0299 -0.0331 0.9297 0.3656
epoch: 532 pose:  5.9306  0.9681 -0.5972 0.0305 -0.0324 0.9273 0.3718
epoch: 533 pose:  5.8945  1.0025 -0.5932 0.0311 -0.0317 0.9248 0.3778
epoch: 534 pose:  5.8589  1.0373 -0.5891 0.0318 -0.0310 0.9223 0.3838
epoch: 535 pose:  5.8237  1.0726 -0.5850 0.0324 -0.0303 0.9202 0.3890
epoch: 536 pose:  5.7890  1.1083 -0.5808 0.0330 -0.0297 0.9181 0.3938
epoch: 537 pose:  5.7546  1.1444 -0.5766 0.0336 -0.0290 0.9163 0.3979
epoch: 538 pose:  5.7205  1.1808 -0.5724 0.0342 -0.0283 0.9142 0.4029
epoch: 539 pose:  5.6869  1.2175 -0.5681 0.0348 -0.0277 0.9123 0.4071
epoch: 540 pose:  5.6536  1.2545 -0.5638 0.0354 -0.0271 0.9106 0.4108
epoch: 541 pose:  5.6206  1.2919 -0.5595 0.0360 -0.0265 0.9091 0.4142
epoch: 542 pose:  5.5879  1.3294 -0.5551 0.0365 -0.0259 0.9074 0.4178
epoch: 543 pose:  5.5555  1.3672 -0.5507 0.0370 -0.0254 0.9059 0.4212
epoch: 544 pose:  5.5233  1.4053 -0.5463 0.0376 -0.0248 0.9047 0.4237
epoch: 545 pose:  5.4914  1.4435 -0.5419 0.0381 -0.0243 0.9033 0.4266
epoch: 546 pose:  5.4598  1.4820 -0.5374 0.0385 -0.0238 0.9015 0.4304
epoch: 547 pose:  5.4284  1.5207 -0.5329 0.0390 -0.0232 0.8997 0.4341
epoch: 548 pose:  5.3974  1.5597 -0.5284 0.0395 -0.0226 0.8981 0.4375
epoch: 549 pose:  5.3667  1.5989 -0.5238 0.0399 -0.0220 0.8964 0.4409
epoch: 550 pose:  5.3363  1.6383 -0.5193 0.0404 -0.0213 0.8949 0.4439
epoch: 551 pose:  5.3062  1.6779 -0.5147 0.0408 -0.0207 0.8933 0.4471
epoch: 552 pose:  5.2764  1.7178 -0.5102 0.0412 -0.0201 0.8915 0.4506
epoch: 553 pose:  5.2468  1.7579 -0.5056 0.0416 -0.0195 0.8899 0.4539
epoch: 554 pose:  5.2176  1.7982 -0.5010 0.0419 -0.0189 0.8884 0.4568
epoch: 555 pose:  5.1887  1.8387 -0.4964 0.0422 -0.0184 0.8869 0.4597
epoch: 556 pose:  5.1600  1.8794 -0.4918 0.0424 -0.0178 0.8854 0.4626
epoch: 557 pose:  5.1315  1.9203 -0.4872 0.0425 -0.0172 0.8836 0.4660
epoch: 558 pose:  5.1034  1.9614 -0.4827 0.0427 -0.0166 0.8819 0.4692
epoch: 559 pose:  5.0756  2.0027 -0.4781 0.0430 -0.0160 0.8801 0.4725
epoch: 560 pose:  5.0481  2.0442 -0.4736 0.0431 -0.0154 0.8781 0.4764
epoch: 561 pose:  5.0210  2.0859 -0.4691 0.0433 -0.0148 0.8759 0.4803
epoch: 562 pose:  4.9943  2.1279 -0.4646 0.0435 -0.0142 0.8736 0.4845
epoch: 563 pose:  4.9679  2.1702 -0.4601 0.0437 -0.0135 0.8710 0.4891
epoch: 564 pose:  4.9421  2.2128 -0.4556 0.0438 -0.0129 0.8689 0.4929
epoch: 565 pose:  4.9165  2.2555 -0.4512 0.0439 -0.0123 0.8671 0.4961
epoch: 566 pose:  4.8914  2.2985 -0.4467 0.0440 -0.0118 0.8656 0.4986
epoch: 567 pose:  4.8664  2.3416 -0.4423 0.0441 -0.0112 0.8643 0.5009
epoch: 568 pose:  4.8417  2.3848 -0.4380 0.0442 -0.0107 0.8627 0.5037
epoch: 569 pose:  4.8173  2.4282 -0.4336 0.0443 -0.0102 0.8610 0.5066
epoch: 570 pose:  4.7931  2.4718 -0.4293 0.0444 -0.0097 0.8590 0.5099
epoch: 571 pose:  4.7693  2.5156 -0.4250 0.0445 -0.0092 0.8572 0.5130
epoch: 572 pose:  4.7458  2.5595 -0.4207 0.0446 -0.0087 0.8557 0.5154
epoch: 573 pose:  4.7226  2.6036 -0.4164 0.0446 -0.0082 0.8545 0.5174
epoch: 574 pose:  4.6996  2.6478 -0.4122 0.0446 -0.0078 0.8534 0.5192
epoch: 575 pose:  4.6767  2.6920 -0.4080 0.0446 -0.0074 0.8524 0.5210
epoch: 576 pose:  4.6541  2.7364 -0.4038 0.0446 -0.0071 0.8516 0.5222
epoch: 577 pose:  4.6315  2.7808 -0.3996 0.0446 -0.0067 0.8508 0.5236
epoch: 578 pose:  4.6091  2.8254 -0.3955 0.0445 -0.0064 0.8503 0.5243
epoch: 579 pose:  4.5868  2.8699 -0.3914 0.0446 -0.0060 0.8504 0.5243
epoch: 580 pose:  4.5645  2.9145 -0.3872 0.0446 -0.0057 0.8499 0.5250
epoch: 581 pose:  4.5423  2.9591 -0.3832 0.0446 -0.0054 0.8499 0.5250
epoch: 582 pose:  4.5200  3.0037 -0.3791 0.0447 -0.0051 0.8503 0.5243
epoch: 583 pose:  4.4977  3.0482 -0.3750 0.0447 -0.0050 0.8506 0.5238
epoch: 584 pose:  4.4754  3.0928 -0.3710 0.0447 -0.0048 0.8514 0.5226
epoch: 585 pose:  4.4529  3.1372 -0.3669 0.0447 -0.0046 0.8520 0.5216
epoch: 586 pose:  4.4303  3.1817 -0.3628 0.0448 -0.0043 0.8521 0.5214
epoch: 587 pose:  4.4077  3.2261 -0.3588 0.0447 -0.0040 0.8524 0.5210
epoch: 588 pose:  4.3850  3.2705 -0.3548 0.0447 -0.0037 0.8523 0.5211
epoch: 589 pose:  4.3624  3.3149 -0.3508 0.0447 -0.0034 0.8520 0.5216
epoch: 590 pose:  4.3398  3.3593 -0.3468 0.0446 -0.0031 0.8518 0.5219
epoch: 591 pose:  4.3172  3.4037 -0.3428 0.0446 -0.0028 0.8511 0.5230
epoch: 592 pose:  4.2948  3.4482 -0.3389 0.0446 -0.0025 0.8502 0.5246
epoch: 593 pose:  4.2725  3.4928 -0.3350 0.0447 -0.0021 0.8492 0.5261
epoch: 594 pose:  4.2504  3.5375 -0.3311 0.0447 -0.0018 0.8488 0.5268
epoch: 595 pose:  4.2283  3.5822 -0.3272 0.0448 -0.0016 0.8486 0.5271
epoch: 596 pose:  4.2063  3.6269 -0.3233 0.0448 -0.0014 0.8487 0.5270
epoch: 597 pose:  4.1843  3.6716 -0.3194 0.0449 -0.0012 0.8488 0.5269
epoch: 598 pose:  4.1622  3.7164 -0.3155 0.0450 -0.0010 0.8484 0.5274
epoch: 599 pose:  4.1403  3.7611 -0.3117 0.0451 -0.0008 0.8481 0.5280
epoch: 600 pose:  4.1183  3.8059 -0.3078 0.0453 -0.0006 0.8472 0.5293
epoch: 601 pose:  4.0966  3.8507 -0.3039 0.0454 -0.0004 0.8461 0.5311
epoch: 602 pose:  4.0750  3.8956 -0.3001 0.0456 -0.0002 0.8450 0.5329
epoch: 603 pose:  4.0536  3.9407 -0.2962 0.0457 -0.0001 0.8442 0.5341
epoch: 604 pose:  4.0323  3.9857 -0.2923 0.0459 -0.0000 0.8439 0.5345
epoch: 605 pose:  4.0111  4.0309 -0.2885 0.0461 -0.0000 0.8435 0.5351
epoch: 606 pose:  3.9899  4.0760 -0.2846 0.0463 -0.0000 0.8435 0.5351
epoch: 607 pose:  3.9688  4.1211 -0.2807 0.0465 -0.0000 0.8430 0.5358
epoch: 608 pose:  3.9477  4.1663 -0.2768 0.0466 0.0000 0.8423 0.5370
epoch: 609 pose:  3.9268  4.2115 -0.2728 0.0468 -0.0000 0.8416 0.5380
epoch: 610 pose:  3.9059  4.2568 -0.2689 0.0469 -0.0001 0.8413 0.5385
epoch: 611 pose:  3.8851  4.3021 -0.2649 0.0471 -0.0001 0.8406 0.5395
epoch: 612 pose:  3.8645  4.3475 -0.2610 0.0473 -0.0000 0.8398 0.5408
epoch: 613 pose:  3.8439  4.3929 -0.2570 0.0475 -0.0000 0.8390 0.5420
epoch: 614 pose:  3.8236  4.4384 -0.2530 0.0476 0.0000 0.8385 0.5428
epoch: 615 pose:  3.8032  4.4839 -0.2490 0.0478 -0.0000 0.8378 0.5439
epoch: 616 pose:  3.7830  4.5294 -0.2450 0.0479 0.0000 0.8369 0.5453
epoch: 617 pose:  3.7630  4.5751 -0.2410 0.0480 -0.0000 0.8364 0.5460
epoch: 618 pose:  3.7430  4.6207 -0.2370 0.0482 -0.0001 0.8362 0.5463
epoch: 619 pose:  3.7231  4.6664 -0.2330 0.0483 -0.0001 0.8364 0.5460
epoch: 620 pose:  3.7032  4.7121 -0.2289 0.0485 -0.0003 0.8367 0.5454
epoch: 621 pose:  3.6832  4.7577 -0.2248 0.0487 -0.0004 0.8374 0.5443
epoch: 622 pose:  3.6630  4.8033 -0.2207 0.0488 -0.0006 0.8378 0.5438
epoch: 623 pose:  3.6428  4.8489 -0.2166 0.0490 -0.0007 0.8377 0.5439
epoch: 624 pose:  3.6227  4.8944 -0.2125 0.0492 -0.0008 0.8372 0.5446
epoch: 625 pose:  3.6026  4.9400 -0.2083 0.0494 -0.0009 0.8363 0.5461
epoch: 626 pose:  3.5826  4.9857 -0.2041 0.0495 -0.0011 0.8358 0.5468
epoch: 627 pose:  3.5628  5.0314 -0.1999 0.0497 -0.0013 0.8349 0.5481
epoch: 628 pose:  3.5431  5.0771 -0.1957 0.0500 -0.0015 0.8341 0.5494
epoch: 629 pose:  3.5235  5.1230 -0.1915 0.0502 -0.0017 0.8338 0.5498
epoch: 630 pose:  3.5040  5.1688 -0.1872 0.0504 -0.0019 0.8330 0.5509
epoch: 631 pose:  3.4846  5.2147 -0.1829 0.0506 -0.0022 0.8326 0.5515
epoch: 632 pose:  3.4652  5.2606 -0.1785 0.0508 -0.0024 0.8321 0.5522
epoch: 633 pose:  3.4460  5.3065 -0.1742 0.0511 -0.0026 0.8317 0.5529
epoch: 634 pose:  3.4268  5.3525 -0.1698 0.0513 -0.0028 0.8316 0.5530
epoch: 635 pose:  3.4077  5.3985 -0.1654 0.0516 -0.0030 0.8311 0.5537
epoch: 636 pose:  3.3886  5.4445 -0.1609 0.0517 -0.0033 0.8305 0.5546
epoch: 637 pose:  3.3696  5.4905 -0.1564 0.0519 -0.0035 0.8302 0.5550
epoch: 638 pose:  3.3507  5.5366 -0.1519 0.0520 -0.0039 0.8304 0.5547
epoch: 639 pose:  3.3317  5.5826 -0.1474 0.0522 -0.0043 0.8309 0.5540
epoch: 640 pose:  3.3127  5.6286 -0.1428 0.0524 -0.0047 0.8317 0.5527
epoch: 641 pose:  3.2935  5.6746 -0.1382 0.0527 -0.0051 0.8322 0.5520
epoch: 642 pose:  3.2743  5.7205 -0.1335 0.0529 -0.0055 0.8331 0.5506
epoch: 643 pose:  3.2549  5.7663 -0.1288 0.0531 -0.0059 0.8337 0.5496
epoch: 644 pose:  3.2354  5.8121 -0.1241 0.0533 -0.0063 0.8346 0.5482
epoch: 645 pose:  3.2157  5.8578 -0.1193 0.0535 -0.0067 0.8354 0.5470
epoch: 646 pose:  3.1959  5.9035 -0.1144 0.0536 -0.0071 0.8360 0.5461
epoch: 647 pose:  3.1760  5.9491 -0.1096 0.0538 -0.0075 0.8368 0.5447
epoch: 648 pose:  3.1560  5.9946 -0.1047 0.0540 -0.0079 0.8381 0.5428
epoch: 649 pose:  3.1357  6.0401 -0.0997 0.0541 -0.0082 0.8390 0.5414
epoch: 650 pose:  3.1153  6.0855 -0.0947 0.0543 -0.0085 0.8399 0.5399
epoch: 651 pose:  3.0948  6.1308 -0.0897 0.0545 -0.0090 0.8412 0.5380
epoch: 652 pose:  3.0740  6.1760 -0.0846 0.0547 -0.0094 0.8425 0.5358
epoch: 653 pose:  3.0530  6.2211 -0.0795 0.0549 -0.0098 0.8437 0.5340
epoch: 654 pose:  3.0318  6.2661 -0.0744 0.0551 -0.0103 0.8451 0.5317
epoch: 655 pose:  3.0104  6.3109 -0.0692 0.0552 -0.0108 0.8462 0.5298
epoch: 656 pose:  2.9888  6.3557 -0.0639 0.0555 -0.0113 0.8479 0.5272
epoch: 657 pose:  2.9669  6.4003 -0.0586 0.0557 -0.0118 0.8496 0.5244
epoch: 658 pose:  2.9447  6.4448 -0.0533 0.0560 -0.0123 0.8511 0.5218
epoch: 659 pose:  2.9222  6.4892 -0.0478 0.0563 -0.0128 0.8531 0.5185
epoch: 660 pose:  2.8994  6.5333 -0.0424 0.0565 -0.0132 0.8548 0.5157
epoch: 661 pose:  2.8763  6.5773 -0.0369 0.0568 -0.0136 0.8560 0.5136
epoch: 662 pose:  2.8530  6.6212 -0.0313 0.0571 -0.0141 0.8576 0.5110
epoch: 663 pose:  2.8295  6.6650 -0.0257 0.0574 -0.0145 0.8590 0.5085
epoch: 664 pose:  2.8057  6.7086 -0.0200 0.0577 -0.0151 0.8605 0.5059
epoch: 665 pose:  2.7816  6.7520 -0.0143 0.0580 -0.0155 0.8617 0.5038
epoch: 666 pose:  2.7573  6.7953 -0.0085 0.0583 -0.0160 0.8628 0.5020
epoch: 667 pose:  2.7329  6.8386 -0.0027 0.0586 -0.0165 0.8636 0.5005
epoch: 668 pose: 2.7082 6.8817 0.0032 0.0590 -0.0170 0.8641 0.4995
epoch: 669 pose: 2.6835 6.9247 0.0091 0.0593 -0.0174 0.8646 0.4986
epoch: 670 pose: 2.6588 6.9677 0.0151 0.0597 -0.0178 0.8650 0.4979
epoch: 671 pose: 2.6339 7.0107 0.0212 0.0601 -0.0182 0.8652 0.4975
epoch: 672 pose: 2.6090 7.0536 0.0273 0.0604 -0.0186 0.8656 0.4967
epoch: 673 pose: 2.5841 7.0965 0.0335 0.0608 -0.0190 0.8660 0.4960
epoch: 674 pose: 2.5590 7.1394 0.0397 0.0611 -0.0194 0.8666 0.4949
epoch: 675 pose: 2.5339 7.1821 0.0459 0.0614 -0.0197 0.8670 0.4941
epoch: 676 pose: 2.5087 7.2249 0.0522 0.0617 -0.0201 0.8674 0.4934
epoch: 677 pose: 2.4834 7.2675 0.0586 0.0620 -0.0205 0.8681 0.4921
epoch: 678 pose: 2.4580 7.3101 0.0650 0.0624 -0.0209 0.8690 0.4904
epoch: 679 pose: 2.4324 7.3526 0.0714 0.0628 -0.0213 0.8698 0.4888
epoch: 680 pose: 2.4067 7.3950 0.0779 0.0632 -0.0218 0.8710 0.4867
epoch: 681 pose: 2.3808 7.4372 0.0845 0.0637 -0.0222 0.8722 0.4845
epoch: 682 pose: 2.3547 7.4794 0.0911 0.0642 -0.0227 0.8733 0.4824
epoch: 683 pose: 2.3284 7.5213 0.0978 0.0647 -0.0231 0.8740 0.4811
epoch: 684 pose: 2.3020 7.5632 0.1046 0.0652 -0.0235 0.8749 0.4794
epoch: 685 pose: 2.2754 7.6050 0.1114 0.0657 -0.0239 0.8754 0.4782
epoch: 686 pose: 2.2487 7.6467 0.1183 0.0662 -0.0243 0.8762 0.4768
epoch: 687 pose: 2.2218 7.6883 0.1253 0.0667 -0.0247 0.8767 0.4757
epoch: 688 pose: 2.1949 7.7299 0.1323 0.0672 -0.0251 0.8771 0.4748
epoch: 689 pose: 2.1679 7.7714 0.1394 0.0678 -0.0254 0.8776 0.4739
epoch: 690 pose: 2.1408 7.8128 0.1465 0.0684 -0.0258 0.8781 0.4729
epoch: 691 pose: 2.1137 7.8541 0.1538 0.0689 -0.0261 0.8787 0.4717
epoch: 692 pose: 2.0864 7.8954 0.1611 0.0695 -0.0266 0.8797 0.4697
epoch: 693 pose: 2.0589 7.9365 0.1684 0.0700 -0.0269 0.8804 0.4682
epoch: 694 pose: 2.0313 7.9776 0.1758 0.0705 -0.0273 0.8815 0.4661
epoch: 695 pose: 2.0036 8.0185 0.1833 0.0710 -0.0277 0.8826 0.4640
epoch: 696 pose: 1.9756 8.0592 0.1909 0.0715 -0.0281 0.8835 0.4621
epoch: 697 pose: 1.9475 8.0998 0.1985 0.0720 -0.0286 0.8846 0.4599
epoch: 698 pose: 1.9191 8.1403 0.2062 0.0726 -0.0291 0.8859 0.4572
epoch: 699 pose: 1.8906 8.1806 0.2139 0.0731 -0.0296 0.8877 0.4536
epoch: 700 pose: 1.8617 8.2207 0.2218 0.0737 -0.0301 0.8896 0.4497
epoch: 701 pose: 1.8324 8.2604 0.2297 0.0742 -0.0307 0.8912 0.4465
epoch: 702 pose: 1.8029 8.3000 0.2377 0.0747 -0.0312 0.8930 0.4427
epoch: 703 pose: 1.7731 8.3393 0.2457 0.0752 -0.0318 0.8947 0.4391
epoch: 704 pose: 1.7429 8.3784 0.2539 0.0758 -0.0323 0.8963 0.4358
epoch: 705 pose: 1.7125 8.4172 0.2621 0.0763 -0.0327 0.8978 0.4326
epoch: 706 pose: 1.6818 8.4558 0.2703 0.0767 -0.0332 0.8996 0.4286
epoch: 707 pose: 1.6508 8.4941 0.2786 0.0771 -0.0337 0.9012 0.4252
epoch: 708 pose: 1.6194 8.5321 0.2870 0.0776 -0.0342 0.9025 0.4222
epoch: 709 pose: 1.5879 8.5700 0.2955 0.0780 -0.0346 0.9041 0.4188
epoch: 710 pose: 1.5560 8.6076 0.3040 0.0785 -0.0350 0.9052 0.4163
epoch: 711 pose: 1.5240 8.6450 0.3125 0.0789 -0.0353 0.9066 0.4130
epoch: 712 pose: 1.4916 8.6821 0.3211 0.0794 -0.0356 0.9078 0.4102
epoch: 713 pose: 1.4591 8.7191 0.3298 0.0798 -0.0360 0.9094 0.4066
epoch: 714 pose: 1.4263 8.7558 0.3385 0.0803 -0.0364 0.9110 0.4030
epoch: 715 pose: 1.3932 8.7922 0.3473 0.0807 -0.0367 0.9125 0.3993
epoch: 716 pose: 1.3597 8.8283 0.3562 0.0812 -0.0370 0.9137 0.3964
epoch: 717 pose: 1.3261 8.8643 0.3650 0.0817 -0.0373 0.9152 0.3928
epoch: 718 pose: 1.2922 8.8999 0.3740 0.0822 -0.0376 0.9166 0.3894
epoch: 719 pose: 1.2581 8.9353 0.3830 0.0828 -0.0380 0.9181 0.3857
epoch: 720 pose: 1.2236 8.9704 0.3920 0.0833 -0.0383 0.9196 0.3820
epoch: 721 pose: 1.1889 9.0052 0.4012 0.0838 -0.0386 0.9210 0.3786
epoch: 722 pose: 1.1539 9.0397 0.4104 0.0844 -0.0388 0.9225 0.3747
epoch: 723 pose: 1.1187 9.0740 0.4196 0.0849 -0.0391 0.9243 0.3701
epoch: 724 pose: 1.0831 9.1078 0.4289 0.0855 -0.0394 0.9261 0.3654
epoch: 725 pose: 1.0472 9.1413 0.4382 0.0861 -0.0397 0.9276 0.3614
epoch: 726 pose: 1.0110 9.1745 0.4477 0.0867 -0.0399 0.9292 0.3570
epoch: 727 pose: 0.9745 9.2073 0.4571 0.0873 -0.0402 0.9311 0.3519
epoch: 728 pose: 0.9376 9.2398 0.4667 0.0879 -0.0405 0.9327 0.3476
epoch: 729 pose: 0.9005 9.2718 0.4763 0.0885 -0.0407 0.9342 0.3433
epoch: 730 pose: 0.8630 9.3035 0.4860 0.0890 -0.0409 0.9358 0.3386
epoch: 731 pose: 0.8253 9.3348 0.4957 0.0896 -0.0411 0.9375 0.3338
epoch: 732 pose: 0.7873 9.3658 0.5054 0.0902 -0.0413 0.9389 0.3296
epoch: 733 pose: 0.7489 9.3964 0.5153 0.0909 -0.0414 0.9402 0.3257
epoch: 734 pose: 0.7104 9.4266 0.5252 0.0916 -0.0416 0.9414 0.3219
epoch: 735 pose: 0.6716 9.4565 0.5351 0.0923 -0.0418 0.9429 0.3173
epoch: 736 pose: 0.6325 9.4861 0.5452 0.0930 -0.0419 0.9441 0.3136
epoch: 737 pose: 0.5932 9.5153 0.5552 0.0937 -0.0421 0.9454 0.3092
epoch: 738 pose: 0.5536 9.5441 0.5654 0.0945 -0.0422 0.9468 0.3048
epoch: 739 pose: 0.5138 9.5726 0.5756 0.0952 -0.0423 0.9480 0.3008
epoch: 740 pose: 0.4738 9.6007 0.5859 0.0959 -0.0425 0.9493 0.2962
epoch: 741 pose: 0.4335 9.6284 0.5963 0.0967 -0.0426 0.9505 0.2922
epoch: 742 pose: 0.3929 9.6558 0.6067 0.0974 -0.0427 0.9516 0.2884
epoch: 743 pose: 0.3522 9.6828 0.6172 0.0982 -0.0427 0.9527 0.2845
epoch: 744 pose: 0.3113 9.7095 0.6278 0.0990 -0.0427 0.9537 0.2807
epoch: 745 pose: 0.2701 9.7358 0.6384 0.0996 -0.0428 0.9551 0.2758
epoch: 746 pose: 0.2287 9.7617 0.6491 0.1003 -0.0429 0.9563 0.2712
epoch: 747 pose: 0.1871 9.7872 0.6599 0.1009 -0.0431 0.9577 0.2659
epoch: 748 pose: 0.1452 9.8123 0.6707 0.1016 -0.0432 0.9590 0.2611
epoch: 749 pose: 0.1030 9.8369 0.6816 0.1022 -0.0434 0.9603 0.2558
epoch: 750 pose: 0.0606 9.8610 0.6925 0.1028 -0.0436 0.9617 0.2505
epoch: 751 pose: 0.0179 9.8846 0.7035 0.1034 -0.0438 0.9629 0.2452
epoch: 752 pose: -0.0250  9.9078  0.7145 0.1040 -0.0440 0.9641 0.2404
epoch: 753 pose: -0.0681  9.9305  0.7256 0.1047 -0.0442 0.9653 0.2352
epoch: 754 pose: -0.1115  9.9528  0.7367 0.1054 -0.0443 0.9664 0.2303
epoch: 755 pose: -0.1551  9.9745  0.7479 0.1061 -0.0444 0.9673 0.2260
epoch: 756 pose: -0.1988  9.9959  0.7592 0.1068 -0.0446 0.9684 0.2210
epoch: 757 pose: -0.2428 10.0169  0.7705 0.1075 -0.0448 0.9695 0.2158
epoch: 758 pose: -0.2870 10.0373  0.7819 0.1082 -0.0450 0.9706 0.2102
epoch: 759 pose: -0.3314 10.0572  0.7934 0.1089 -0.0452 0.9718 0.2041
epoch: 760 pose: -0.3761 10.0765  0.8049 0.1095 -0.0455 0.9732 0.1970
epoch: 761 pose: -0.4210 10.0952  0.8164 0.1102 -0.0457 0.9743 0.1909
epoch: 762 pose: -0.4661 10.1133  0.8280 0.1109 -0.0460 0.9755 0.1843
epoch: 763 pose: -0.5115 10.1308  0.8397 0.1115 -0.0463 0.9768 0.1770
epoch: 764 pose: -0.5571 10.1476  0.8514 0.1122 -0.0465 0.9779 0.1704
epoch: 765 pose: -0.6030 10.1637  0.8632 0.1128 -0.0468 0.9790 0.1631
epoch: 766 pose: -0.6490 10.1791  0.8750 0.1135 -0.0471 0.9802 0.1551
epoch: 767 pose: -0.6953 10.1938  0.8868 0.1141 -0.0475 0.9813 0.1475
epoch: 768 pose: -0.7419 10.2077  0.8987 0.1147 -0.0479 0.9824 0.1391
epoch: 769 pose: -0.7886 10.2209  0.9107 0.1152 -0.0483 0.9835 0.1310
epoch: 770 pose: -0.8356 10.2332  0.9226 0.1157 -0.0488 0.9845 0.1225
epoch: 771 pose: -0.8827 10.2447  0.9346 0.1161 -0.0495 0.9856 0.1129
epoch: 772 pose: -0.9301 10.2552  0.9466 0.1165 -0.0501 0.9865 0.1039
epoch: 773 pose: -0.9777 10.2649  0.9586 0.1169 -0.0508 0.9874 0.0940
epoch: 774 pose: -1.0254 10.2736  0.9707 0.1172 -0.0516 0.9882 0.0840
epoch: 775 pose: -1.0733 10.2813  0.9827 0.1175 -0.0523 0.9889 0.0737
epoch: 776 pose: -1.1214 10.2880  0.9947 0.1178 -0.0528 0.9895 0.0643
epoch: 777 pose: -1.1696 10.2937  1.0067 0.1180 -0.0534 0.9900 0.0552
epoch: 778 pose: -1.2179 10.2985  1.0187 0.1183 -0.0538 0.9904 0.0462
epoch: 779 pose: -1.2663 10.3025  1.0306 0.1185 -0.0542 0.9908 0.0378
epoch: 780 pose: -1.3148 10.3056  1.0426 0.1186 -0.0548 0.9910 0.0287
epoch: 781 pose: -1.3633 10.3078  1.0545 0.1187 -0.0553 0.9912 0.0194
epoch: 782 pose: -1.4118 10.3090  1.0664 0.1186 -0.0559 0.9913 0.0093
epoch: 783 pose: -1.4604 10.3093  1.0782 0.1186 -0.0563 0.9913 -0.0002
epoch: 784 pose: -1.5090 10.3086  1.0899 0.1186 -0.0566 0.9913 -0.0090
epoch: 785 pose: -1.5576 10.3070  1.1016 0.1186 -0.0571 0.9911 -0.0186
epoch: 786 pose: -1.6061 10.3045  1.1133 0.1185 -0.0576 0.9909 -0.0289
epoch: 787 pose: -1.6546 10.3010  1.1249 0.1184 -0.0582 0.9904 -0.0399
epoch: 788 pose: -1.7031 10.2963  1.1364 0.1183 -0.0589 0.9899 -0.0507
epoch: 789 pose: -1.7514 10.2906  1.1478 0.1181 -0.0594 0.9893 -0.0609
epoch: 790 pose: -1.7997 10.2839  1.1591 0.1180 -0.0598 0.9887 -0.0704
epoch: 791 pose: -1.8478 10.2762  1.1703 0.1179 -0.0602 0.9881 -0.0788
epoch: 792 pose: -1.8958 10.2677  1.1815 0.1178 -0.0606 0.9873 -0.0882
epoch: 793 pose: -1.9436 10.2583  1.1926 0.1177 -0.0611 0.9863 -0.0978
epoch: 794 pose: -1.9913 10.2479  1.2036 0.1177 -0.0615 0.9854 -0.1066
epoch: 795 pose: -2.0387 10.2367  1.2146 0.1177 -0.0617 0.9845 -0.1146
epoch: 796 pose: -2.0860 10.2247  1.2254 0.1176 -0.0620 0.9834 -0.1235
epoch: 797 pose: -2.1331 10.2118  1.2362 0.1175 -0.0622 0.9823 -0.1318
epoch: 798 pose: -2.1800 10.1982  1.2470 0.1175 -0.0624 0.9813 -0.1394
epoch: 799 pose: -2.2267 10.1838  1.2576 0.1175 -0.0626 0.9800 -0.1477
epoch: 800 pose: -2.2731 10.1685  1.2682 0.1174 -0.0628 0.9787 -0.1559
epoch: 801 pose: -2.3193 10.1525  1.2787 0.1174 -0.0631 0.9772 -0.1651
epoch: 802 pose: -2.3652 10.1357  1.2891 0.1173 -0.0634 0.9758 -0.1734
epoch: 803 pose: -2.4108 10.1180  1.2995 0.1172 -0.0637 0.9744 -0.1811
epoch: 804 pose: -2.4562 10.0996  1.3098 0.1173 -0.0638 0.9730 -0.1885
epoch: 805 pose: -2.5013 10.0805  1.3200 0.1172 -0.0641 0.9714 -0.1965
epoch: 806 pose: -2.5460 10.0607  1.3301 0.1170 -0.0642 0.9697 -0.2045
epoch: 807 pose: -2.5905 10.0401  1.3401 0.1169 -0.0643 0.9681 -0.2120
epoch: 808 pose: -2.6346 10.0188  1.3501 0.1168 -0.0644 0.9664 -0.2196
epoch: 809 pose: -2.6784  9.9969  1.3600 0.1166 -0.0646 0.9646 -0.2276
epoch: 810 pose: -2.7219  9.9741  1.3697 0.1165 -0.0648 0.9628 -0.2350
epoch: 811 pose: -2.7650  9.9508  1.3794 0.1163 -0.0649 0.9610 -0.2424
epoch: 812 pose: -2.8078  9.9267  1.3890 0.1161 -0.0650 0.9591 -0.2498
epoch: 813 pose: -2.8502  9.9020  1.3985 0.1159 -0.0653 0.9569 -0.2580
epoch: 814 pose: -2.8922  9.8766  1.4079 0.1157 -0.0653 0.9549 -0.2655
epoch: 815 pose: -2.9338  9.8504  1.4172 0.1155 -0.0654 0.9530 -0.2722
epoch: 816 pose: -2.9750  9.8237  1.4265 0.1152 -0.0655 0.9510 -0.2795
epoch: 817 pose: -3.0159  9.7964  1.4356 0.1150 -0.0656 0.9490 -0.2860
epoch: 818 pose: -3.0564  9.7685  1.4446 0.1147 -0.0657 0.9469 -0.2933
epoch: 819 pose: -3.0965  9.7400  1.4536 0.1144 -0.0659 0.9446 -0.3006
epoch: 820 pose: -3.1362  9.7108  1.4624 0.1142 -0.0660 0.9424 -0.3073
epoch: 821 pose: -3.1754  9.6811  1.4711 0.1140 -0.0661 0.9405 -0.3133
epoch: 822 pose: -3.2143  9.6509  1.4798 0.1138 -0.0660 0.9387 -0.3185
epoch: 823 pose: -3.2528  9.6203  1.4884 0.1138 -0.0659 0.9371 -0.3233
epoch: 824 pose: -3.2911  9.5892  1.4969 0.1137 -0.0658 0.9356 -0.3278
epoch: 825 pose: -3.3291  9.5578  1.5054 0.1137 -0.0656 0.9343 -0.3314
epoch: 826 pose: -3.3668  9.5261  1.5138 0.1138 -0.0654 0.9327 -0.3358
epoch: 827 pose: -3.4042  9.4940  1.5222 0.1137 -0.0654 0.9311 -0.3404
epoch: 828 pose: -3.4413  9.4616  1.5306 0.1138 -0.0653 0.9295 -0.3448
epoch: 829 pose: -3.4782  9.4288  1.5389 0.1138 -0.0653 0.9279 -0.3491
epoch: 830 pose: -3.5147  9.3957  1.5472 0.1137 -0.0652 0.9261 -0.3538
epoch: 831 pose: -3.5509  9.3622  1.5554 0.1136 -0.0652 0.9243 -0.3584
epoch: 832 pose: -3.5867  9.3283  1.5636 0.1134 -0.0653 0.9222 -0.3638
epoch: 833 pose: -3.6222  9.2940  1.5717 0.1132 -0.0655 0.9198 -0.3699
epoch: 834 pose: -3.6572  9.2592  1.5797 0.1129 -0.0658 0.9171 -0.3765
epoch: 835 pose: -3.6918  9.2240  1.5875 0.1125 -0.0661 0.9141 -0.3839
epoch: 836 pose: -3.7258  9.1881  1.5953 0.1122 -0.0663 0.9114 -0.3904
epoch: 837 pose: -3.7593  9.1518  1.6029 0.1118 -0.0665 0.9085 -0.3972
epoch: 838 pose: -3.7923  9.1150  1.6104 0.1115 -0.0666 0.9058 -0.4033
epoch: 839 pose: -3.8247  9.0777  1.6179 0.1112 -0.0668 0.9029 -0.4098
epoch: 840 pose: -3.8567  9.0400  1.6252 0.1108 -0.0670 0.8999 -0.4164
epoch: 841 pose: -3.8881  9.0017  1.6323 0.1104 -0.0672 0.8968 -0.4231
epoch: 842 pose: -3.9190  8.9630  1.6394 0.1101 -0.0673 0.8939 -0.4294
epoch: 843 pose: -3.9494  8.9239  1.6464 0.1097 -0.0674 0.8911 -0.4352
epoch: 844 pose: -3.9792  8.8844  1.6532 0.1094 -0.0674 0.8883 -0.4409
epoch: 845 pose: -4.0086  8.8445  1.6599 0.1091 -0.0677 0.8851 -0.4473
epoch: 846 pose: -4.0374  8.8042  1.6666 0.1086 -0.0679 0.8816 -0.4543
epoch: 847 pose: -4.0656  8.7634  1.6731 0.1080 -0.0683 0.8776 -0.4620
epoch: 848 pose: -4.0931  8.7221  1.6794 0.1074 -0.0686 0.8737 -0.4695
epoch: 849 pose: -4.1199  8.6803  1.6856 0.1068 -0.0688 0.8701 -0.4762
epoch: 850 pose: -4.1461  8.6382  1.6916 0.1062 -0.0690 0.8665 -0.4828
epoch: 851 pose: -4.1716  8.5956  1.6974 0.1055 -0.0693 0.8624 -0.4902
epoch: 852 pose: -4.1965  8.5526  1.7031 0.1048 -0.0696 0.8583 -0.4975
epoch: 853 pose: -4.2206  8.5092  1.7087 -0.1041 0.0698 -0.8544 0.5042
epoch: 854 pose: -4.2441  8.4654  1.7141 -0.1035 0.0700 -0.8508 0.5105
epoch: 855 pose: -4.2670  8.4212  1.7193 -0.1028 0.0702 -0.8473 0.5164
epoch: 856 pose: -4.2893  8.3767  1.7244 -0.1021 0.0703 -0.8442 0.5215
epoch: 857 pose: -4.3110  8.3320  1.7293 -0.1014 0.0704 -0.8410 0.5268
epoch: 858 pose: -4.3322  8.2870  1.7341 -0.1008 0.0706 -0.8376 0.5322
epoch: 859 pose: -4.3529  8.2417  1.7388 -0.1001 0.0706 -0.8346 0.5371
epoch: 860 pose: -4.3731  8.1962  1.7434 -0.0995 0.0706 -0.8318 0.5415
epoch: 861 pose: -4.3927  8.1504  1.7478 -0.0989 0.0706 -0.8296 0.5450
epoch: 862 pose: -4.4121  8.1045  1.7522 -0.0984 0.0705 -0.8275 0.5483
epoch: 863 pose: -4.4310  8.0584  1.7565 -0.0979 0.0704 -0.8249 0.5522
epoch: 864 pose: -4.4496  8.0122  1.7607 -0.0972 0.0704 -0.8221 0.5566
epoch: 865 pose: -4.4677  7.9657  1.7647 -0.0966 0.0705 -0.8190 0.5612
epoch: 866 pose: -4.4852  7.9191  1.7687 -0.0961 0.0705 -0.8160 0.5656
epoch: 867 pose: -4.5023  7.8723  1.7725 -0.0955 0.0705 -0.8134 0.5694
epoch: 868 pose: -4.5190  7.8253  1.7763 -0.0949 0.0706 -0.8106 0.5735
epoch: 869 pose: -4.5352  7.7781  1.7799 -0.0943 0.0707 -0.8075 0.5780
epoch: 870 pose: -4.5509  7.7308  1.7835 -0.0936 0.0707 -0.8044 0.5824
epoch: 871 pose: -4.5661  7.6833  1.7869 -0.0929 0.0708 -0.8016 0.5864
epoch: 872 pose: -4.5809  7.6356  1.7902 -0.0923 0.0710 -0.7985 0.5906
epoch: 873 pose: -4.5951  7.5878  1.7934 -0.0916 0.0712 -0.7948 0.5956
epoch: 874 pose: -4.6088  7.5398  1.7964 -0.0909 0.0715 -0.7912 0.6005
epoch: 875 pose: -4.6219  7.4916  1.7993 -0.0901 0.0718 -0.7874 0.6055
epoch: 876 pose: -4.6344  7.4433  1.8020 -0.0895 0.0721 -0.7840 0.6101
epoch: 877 pose: -4.6464  7.3948  1.8047 -0.0889 0.0723 -0.7808 0.6141
epoch: 878 pose: -4.6579  7.3463  1.8072 -0.0883 0.0725 -0.7777 0.6181
epoch: 879 pose: -4.6689  7.2975  1.8095 -0.0877 0.0727 -0.7747 0.6220
epoch: 880 pose: -4.6795  7.2487  1.8118 -0.0872 0.0728 -0.7720 0.6254
epoch: 881 pose: -4.6896  7.1998  1.8140 -0.0867 0.0727 -0.7698 0.6281
epoch: 882 pose: -4.6994  7.1508  1.8161 -0.0864 0.0727 -0.7680 0.6304
epoch: 883 pose: -4.7089  7.1018  1.8181 -0.0861 0.0726 -0.7666 0.6321
epoch: 884 pose: -4.7182  7.0527  1.8202 -0.0858 0.0726 -0.7651 0.6340
epoch: 885 pose: -4.7273  7.0036  1.8221 -0.0855 0.0726 -0.7637 0.6358
epoch: 886 pose: -4.7361  6.9544  1.8240 -0.0852 0.0726 -0.7623 0.6375
epoch: 887 pose: -4.7447  6.9052  1.8259 -0.0848 0.0728 -0.7602 0.6400
epoch: 888 pose: -4.7531  6.8559  1.8277 -0.0844 0.0729 -0.7581 0.6426
epoch: 889 pose: -4.7611  6.8066  1.8294 -0.0840 0.0731 -0.7554 0.6457
epoch: 890 pose: -4.7687  6.7572  1.8310 -0.0835 0.0735 -0.7523 0.6494
epoch: 891 pose: -4.7758  6.7077  1.8325 -0.0830 0.0738 -0.7496 0.6525
epoch: 892 pose: -4.7825  6.6582  1.8339 -0.0825 0.0740 -0.7473 0.6552
epoch: 893 pose: -4.7889  6.6086  1.8353 -0.0820 0.0742 -0.7445 0.6584
epoch: 894 pose: -4.7949  6.5590  1.8365 -0.0815 0.0745 -0.7413 0.6620
epoch: 895 pose: -4.8004  6.5093  1.8376 -0.0809 0.0748 -0.7379 0.6659
epoch: 896 pose: -4.8054  6.4596  1.8386 -0.0804 0.0752 -0.7346 0.6695
epoch: 897 pose: -4.8099  6.4098  1.8394 -0.0800 0.0754 -0.7319 0.6725
epoch: 898 pose: -4.8141  6.3600  1.8402 -0.0796 0.0756 -0.7295 0.6751
epoch: 899 pose: -4.8179  6.3101  1.8409 -0.0792 0.0758 -0.7275 0.6772
epoch: 900 pose: -4.8214  6.2602  1.8416 -0.0787 0.0760 -0.7251 0.6799
epoch: 901 pose: -4.8245  6.2103  1.8421 -0.0781 0.0763 -0.7225 0.6827
epoch: 902 pose: -4.8273  6.1604  1.8425 -0.0775 0.0766 -0.7192 0.6862
epoch: 903 pose: -4.8296  6.1105  1.8428 -0.0768 0.0769 -0.7162 0.6894
epoch: 904 pose: -4.8315  6.0605  1.8430 -0.0762 0.0772 -0.7129 0.6928
epoch: 905 pose: -4.8329  6.0105  1.8431 -0.0755 0.0775 -0.7095 0.6964
epoch: 906 pose: -4.8339  5.9605  1.8431 -0.0748 0.0779 -0.7057 0.7002
epoch: 907 pose: -4.8343  5.9105  1.8429 -0.0741 0.0781 -0.7026 0.7034
epoch: 908 pose: -4.8342  5.8605  1.8426 -0.0733 0.0785 -0.6988 0.7072
epoch: 909 pose: -4.8337  5.8105  1.8422 -0.0725 0.0790 -0.6944 0.7115
epoch: 910 pose: -4.8325  5.7606  1.8416 -0.0718 0.0794 -0.6905 0.7154
epoch: 911 pose: -4.8308  5.7106  1.8409 -0.0710 0.0798 -0.6869 0.7188
epoch: 912 pose: -4.8287  5.6606  1.8400 -0.0702 0.0803 -0.6829 0.7227
epoch: 913 pose: -4.8259  5.6107  1.8390 -0.0694 0.0807 -0.6789 0.7264
epoch: 914 pose: -4.8227  5.5608  1.8379 -0.0687 0.0811 -0.6756 0.7296
epoch: 915 pose: -4.8190  5.5110  1.8366 -0.0679 0.0814 -0.6724 0.7326
epoch: 916 pose: -4.8149  5.4612  1.8352 -0.0671 0.0818 -0.6687 0.7360
epoch: 917 pose: -4.8102  5.4114  1.8337 -0.0663 0.0822 -0.6646 0.7397
epoch: 918 pose: -4.8051  5.3617  1.8320 -0.0655 0.0826 -0.6607 0.7432
epoch: 919 pose: -4.7994  5.3121  1.8302 -0.0649 0.0830 -0.6574 0.7461
epoch: 920 pose: -4.7933  5.2625  1.8282 -0.0642 0.0835 -0.6538 0.7493
epoch: 921 pose: -4.7868  5.2130  1.8262 -0.0635 0.0839 -0.6504 0.7523
epoch: 922 pose: -4.7798  5.1635  1.8240 -0.0628 0.0844 -0.6462 0.7559
epoch: 923 pose: -4.7722  5.1141  1.8217 -0.0621 0.0849 -0.6414 0.7600
epoch: 924 pose: -4.7641  5.0649  1.8192 -0.0613 0.0854 -0.6360 0.7645
epoch: 925 pose: -4.7553  5.0157  1.8166 -0.0605 0.0859 -0.6302 0.7693
epoch: 926 pose: -4.7457  4.9667  1.8138 -0.0598 0.0864 -0.6250 0.7735
epoch: 927 pose: -4.7355  4.9179  1.8108 -0.0590 0.0868 -0.6198 0.7777
epoch: 928 pose: -4.7247  4.8691  1.8077 -0.0581 0.0873 -0.6141 0.7822
epoch: 929 pose: -4.7132  4.8206  1.8045 -0.0573 0.0877 -0.6086 0.7865
epoch: 930 pose: -4.7010  4.7722  1.8011 -0.0566 0.0881 -0.6033 0.7906
epoch: 931 pose: -4.6882  4.7240  1.7975 -0.0558 0.0885 -0.5979 0.7947
epoch: 932 pose: -4.6747  4.6760  1.7938 -0.0550 0.0889 -0.5922 0.7990
epoch: 933 pose: -4.6606  4.6282  1.7900 -0.0542 0.0893 -0.5859 0.8036
epoch: 934 pose: -4.6457  4.5806  1.7860 -0.0534 0.0898 -0.5789 0.8087
epoch: 935 pose: -4.6300  4.5333  1.7818 -0.0524 0.0904 -0.5710 0.8143
epoch: 936 pose: -4.6134  4.4864  1.7774 -0.0515 0.0910 -0.5631 0.8197
epoch: 937 pose: -4.5960  4.4398  1.7729 -0.0505 0.0916 -0.5557 0.8248
epoch: 938 pose: -4.5777  4.3935  1.7681 -0.0497 0.0921 -0.5490 0.8292
epoch: 939 pose: -4.5587  4.3475  1.7632 -0.0489 0.0926 -0.5430 0.8332
epoch: 940 pose: -4.5390  4.3018  1.7582 -0.0482 0.0931 -0.5376 0.8367
epoch: 941 pose: -4.5188  4.2563  1.7530 -0.0475 0.0936 -0.5321 0.8401
epoch: 942 pose: -4.4980  4.2112  1.7476 -0.0468 0.0941 -0.5270 0.8433
epoch: 943 pose: -4.4767  4.1663  1.7422 -0.0461 0.0945 -0.5221 0.8463
epoch: 944 pose: -4.4548  4.1217  1.7366 -0.0455 0.0949 -0.5179 0.8490
epoch: 945 pose: -4.4325  4.0773  1.7309 -0.0449 0.0953 -0.5132 0.8518
epoch: 946 pose: -4.4098  4.0331  1.7250 -0.0442 0.0956 -0.5085 0.8546
epoch: 947 pose: -4.3865  3.9893  1.7191 -0.0436 0.0960 -0.5042 0.8571
epoch: 948 pose: -4.3629  3.9456  1.7131 -0.0430 0.0963 -0.4995 0.8599
epoch: 949 pose: -4.3388  3.9023  1.7070 -0.0423 0.0967 -0.4949 0.8625
epoch: 950 pose: -4.3142  3.8592  1.7007 -0.0418 0.0970 -0.4909 0.8648
epoch: 951 pose: -4.2892  3.8163  1.6944 -0.0411 0.0973 -0.4863 0.8674
epoch: 952 pose: -4.2638  3.7737  1.6879 -0.0404 0.0977 -0.4812 0.8702
epoch: 953 pose: -4.2379  3.7315  1.6814 -0.0396 0.0981 -0.4754 0.8734
epoch: 954 pose: -4.2115  3.6896  1.6747 -0.0388 0.0985 -0.4700 0.8763
epoch: 955 pose: -4.1846  3.6480  1.6679 -0.0380 0.0989 -0.4646 0.8792
epoch: 956 pose: -4.1571  3.6068  1.6609 -0.0371 0.0993 -0.4590 0.8821
epoch: 957 pose: -4.1292  3.5659  1.6539 -0.0362 0.0998 -0.4534 0.8849
epoch: 958 pose: -4.1007  3.5254  1.6467 -0.0353 0.1002 -0.4475 0.8880
epoch: 959 pose: -4.0718  3.4853  1.6394 -0.0345 0.1006 -0.4423 0.8905
epoch: 960 pose: -4.0423  3.4456  1.6320 -0.0336 0.1011 -0.4365 0.8934
epoch: 961 pose: -4.0124  3.4063  1.6244 -0.0328 0.1015 -0.4308 0.8961
epoch: 962 pose: -3.9820  3.3673  1.6167 -0.0319 0.1018 -0.4251 0.8988
epoch: 963 pose: -3.9511  3.3288  1.6089 -0.0310 0.1022 -0.4194 0.9015
epoch: 964 pose: -3.9197  3.2907  1.6010 -0.0301 0.1026 -0.4137 0.9041
epoch: 965 pose: -3.8879  3.2530  1.5930 -0.0293 0.1030 -0.4086 0.9064
epoch: 966 pose: -3.8557  3.2156  1.5848 -0.0285 0.1035 -0.4029 0.9089
epoch: 967 pose: -3.8230  3.1787  1.5766 -0.0276 0.1039 -0.3969 0.9116
epoch: 968 pose: -3.7898  3.1422  1.5682 -0.0267 0.1043 -0.3900 0.9145
epoch: 969 pose: -3.7561  3.1063  1.5597 -0.0257 0.1047 -0.3825 0.9176
epoch: 970 pose: -3.7218  3.0709  1.5511 -0.0246 0.1051 -0.3756 0.9205
epoch: 971 pose: -3.6870  3.0361  1.5423 -0.0237 0.1055 -0.3690 0.9231
epoch: 972 pose: -3.6518  3.0018  1.5335 -0.0227 0.1059 -0.3620 0.9258
epoch: 973 pose: -3.6160  2.9680  1.5245 -0.0217 0.1063 -0.3552 0.9285
epoch: 974 pose: -3.5797  2.9348  1.5154 -0.0208 0.1067 -0.3490 0.9308
epoch: 975 pose: -3.5430  2.9021  1.5062 -0.0198 0.1072 -0.3422 0.9333
epoch: 976 pose: -3.5059  2.8700  1.4968 -0.0188 0.1076 -0.3360 0.9355
epoch: 977 pose: -3.4684  2.8383  1.4874 -0.0178 0.1080 -0.3293 0.9379
epoch: 978 pose: -3.4304  2.8073  1.4779 -0.0168 0.1083 -0.3220 0.9404
epoch: 979 pose: -3.3919  2.7768  1.4682 -0.0159 0.1087 -0.3154 0.9426
epoch: 980 pose: -3.3530  2.7469  1.4585 -0.0149 0.1090 -0.3078 0.9451
epoch: 981 pose: -3.3137  2.7177  1.4486 -0.0139 0.1093 -0.2999 0.9476
epoch: 982 pose: -3.2739  2.6891  1.4387 -0.0128 0.1097 -0.2911 0.9503
epoch: 983 pose: -3.2336  2.6613  1.4286 -0.0117 0.1101 -0.2820 0.9530
epoch: 984 pose: -3.1927  2.6343  1.4185 -0.0105 0.1105 -0.2727 0.9557
epoch: 985 pose: -3.1514  2.6081  1.4082 -0.0094 0.1109 -0.2641 0.9581
epoch: 986 pose: -3.1096  2.5827  1.3978 -0.0083 0.1112 -0.2552 0.9604
epoch: 987 pose: -3.0673  2.5581  1.3874 -0.0070 0.1115 -0.2455 0.9629
epoch: 988 pose: -3.0246  2.5344  1.3768 -0.0058 0.1118 -0.2364 0.9652
epoch: 989 pose: -2.9814  2.5115  1.3661 -0.0046 0.1121 -0.2275 0.9673
epoch: 990 pose: -2.9379  2.4894  1.3554 -0.0035 0.1124 -0.2188 0.9693
epoch: 991 pose: -2.8939  2.4682  1.3446 -0.0025 0.1126 -0.2109 0.9710
epoch: 992 pose: -2.8496  2.4477  1.3337 -0.0016 0.1128 -0.2039 0.9725
epoch: 993 pose: -2.8051  2.4278  1.3228 -0.0008 0.1130 -0.1967 0.9739
epoch: 994 pose: -2.7602  2.4087  1.3118 0.0000 0.1132 -0.1901 0.9752
epoch: 995 pose: -2.7151  2.3901  1.3007 0.0008 0.1135 -0.1835 0.9765
epoch: 996 pose: -2.6698  2.3722  1.2896 0.0017 0.1137 -0.1765 0.9777
epoch: 997 pose: -2.6242  2.3550  1.2785 0.0024 0.1138 -0.1699 0.9789
epoch: 998 pose: -2.5784  2.3384  1.2673 0.0031 0.1140 -0.1637 0.9799
epoch: 999 pose: -2.5323  2.3224  1.2561 0.0039 0.1142 -0.1575 0.9809
