epoch: 0 pose: -0.000008 -0.000002 -0.000019 -0.000044 -0.000049 0.000044 1.000000
epoch: 1 pose: -0.000013 -0.000003 -0.000019 -0.000034 -0.000025 -0.000004 1.000000
epoch: 2 pose: -0.000009 -0.000003 -0.000009 0.000008 -0.000012 -0.000001 1.000000
epoch: 3 pose: -0.000006 -0.000000 -0.000011 -0.000034 0.000016 0.000022 1.000000
epoch: 4 pose: -0.000002 0.000014 -0.000015 -0.000008 0.000022 0.000048 1.000000
epoch: 5 pose: -0.000009 0.000038 -0.000006 -0.000015 -0.000035 -0.000048 1.000000
epoch: 6 pose: -0.000001 -0.000028 -0.000008 -0.000023 0.000002 0.000005 1.000000
epoch: 7 pose: -0.000005 0.000025 0.000003 -0.000010 0.000023 -0.000041 1.000000
epoch: 8 pose: -0.000005 -0.000019 0.000010 -0.000001 -0.000015 0.000045 1.000000
epoch: 9 pose: -0.000006 -0.000047 0.000013 -0.000038 0.000045 0.000046 1.000000
epoch: 10 pose: -0.000003 0.000040 0.000021 0.000038 0.000009 -0.000010 1.000000
epoch: 11 pose: -0.000006 0.000041 0.000029 -0.000011 -0.000019 0.000022 1.000000
epoch: 12 pose: -0.000004 -0.000037 0.000033 -0.000041 0.000042 0.000025 1.000000
epoch: 13 pose: -0.000006 -0.000008 -0.000057 0.000036 -0.000041 -0.000002 1.000000
epoch: 14 pose: -0.000009 0.000035 -0.000039 0.000013 -0.000048 0.000012 1.000000
epoch: 15 pose: -0.000007 0.000007 -0.000025 -0.000004 0.000037 -0.000003 1.000000
epoch: 16 pose: -0.000008 0.000021 -0.000006 -0.000040 -0.000038 0.000038 1.000000
epoch: 17 pose: -0.000010 -0.000026 0.000010 0.000043 -0.000004 0.000018 1.000000
epoch: 18 pose: -0.000015 -0.000027 0.000037 0.000046 -0.000010 -0.000035 1.000000
epoch: 19 pose: -0.000018 0.000025 -0.000037 -0.000039 0.000044 0.000040 1.000000
epoch: 20 pose: -0.000026 0.000009 -0.000009 0.000023 0.000020 0.000018 1.000000
epoch: 21 pose: -0.000033 0.000030 0.000025 -0.000023 0.000047 -0.000046 1.000000
epoch: 22 pose: -0.000044 -0.000028 -0.000036 -0.000016 -0.000012 -0.000042 1.000000
epoch: 23 pose: 0.000051 0.000035 0.000009 -0.000048 0.000005 0.000042 1.000000
epoch: 24 pose: 0.000035 0.000033 -0.000054 0.000046 0.000046 -0.000013 1.000000
epoch: 25 pose: 0.000021 -0.000024 -0.000002 -0.000037 -0.000029 0.000020 1.000000
epoch: 26 pose: 0.000010 -0.000045 -0.000055 -0.000008 0.000006 0.000046 1.000000
epoch: 27 pose: -0.000005 -0.000049 0.000002 -0.000044 0.000025 -0.000025 1.000000
epoch: 28 pose: -0.000014 -0.000022 -0.000044 0.000016 -0.000004 -0.000038 1.000000
epoch: 29 pose: -0.000034 -0.000045 0.000021 0.000025 -0.000021 0.000014 1.000000
epoch: 30 pose: 0.000053 0.000006 -0.000007 -0.000013 -0.000027 0.000006 1.000000
epoch: 31 pose: 0.000027 -0.000042 -0.000034 -0.000043 0.000017 0.000042 1.000000
epoch: 32 pose: 0.000005 0.000022 -0.000052 0.000050 0.000013 0.000043 1.000000
epoch: 33 pose: -0.000033 -0.000013 0.000042 0.000016 -0.000022 0.000017 1.000000
epoch: 34 pose: 0.000026 -0.000038 -0.000056 0.000015 -0.000017 -0.000033 1.000000
epoch: 35 pose: -0.000022 -0.000047 -0.000045 0.000030 0.000004 0.000003 1.000000
epoch: 36 pose: 0.000027 -0.000043 -0.000023 -0.000013 0.000003 0.000001 1.000000
epoch: 37 pose: -0.000032 -0.000019 0.000009 -0.000002 -0.000041 -0.000020 1.000000
epoch: 38 pose: -0.000001 0.000019 -0.000049 0.000043 0.000023 -0.000016 1.000000
epoch: 39 pose: 0.000016 -0.000011 0.000007 -0.000001 -0.000001 0.000016 1.000000
epoch: 40 pose: 0.000033 -0.000020 -0.000021 -0.000042 -0.000010 -0.000041 1.000000
epoch: 41 pose: 0.000035 0.000009 -0.000049 -0.000006 0.000046 0.000014 1.000000
epoch: 42 pose: 0.000019 0.000018 -0.000053 -0.000038 0.000051 -0.000015 1.000000
epoch: 43 pose: -0.000023 -0.000056 -0.000037 0.000008 0.000011 -0.000038 1.000000
epoch: 44 pose: 0.000038 0.000032 -0.000020 -0.000017 0.000027 -0.000015 1.000000
epoch: 45 pose: 0.000048 -0.000058 0.000018 0.000017 -0.000050 -0.000023 1.000000
epoch: 46 pose: 0.000058 -0.000012 -0.000038 -0.000015 -0.000014 0.000024 1.000000
epoch: 47 pose: 0.000022 0.000011 0.000024 0.000007 0.000027 0.000026 1.000000
epoch: 48 pose: 0.000039 -0.000047 -0.000003 0.000039 -0.000042 0.000049 1.000000
epoch: 49 pose: 0.000010 -0.000072 -0.000026 -0.000029 0.000044 -0.000025 1.000000
epoch: 50 pose: -0.000042 0.000018 -0.000023 -0.000007 0.000032 0.000039 1.000000
epoch: 51 pose: 0.000041 0.000016 -0.000002 -0.000018 -0.000043 0.000022 1.000000
epoch: 52 pose: -0.000035 0.000030 0.000021 0.000037 -0.000003 0.000023 1.000000
epoch: 53 pose: -0.000013 -0.000040 -0.000039 0.000025 -0.000001 0.000010 1.000000
epoch: 54 pose: -0.000046 -0.000016 0.000015 -0.000043 0.000046 0.000030 1.000000
epoch: 55 pose: -0.000008 -0.000059 -0.000015 0.000017 0.000027 0.000036 1.000000
epoch: 56 pose: 0.000011 -0.000031 0.000034 -0.000019 0.000043 0.000013 1.000000
epoch: 57 pose: 0.000000 -0.000058 0.000004 0.000012 -0.000017 -0.000003 1.000000
epoch: 58 pose: -0.000036 -0.000012 -0.000034 0.000036 0.000018 0.000005 1.000000
epoch: 59 pose: -0.000027 -0.000055 0.000032 -0.000022 -0.000005 0.000046 1.000000
epoch: 60 pose: -0.000027 -0.000002 -0.000014 -0.000046 -0.000042 -0.000019 1.000000
epoch: 61 pose: 0.000013 -0.000048 -0.000051 0.000053 0.000015 -0.000046 1.000000
epoch: 62 pose: 0.000016 -0.000058 0.000016 0.000040 0.000010 0.000017 1.000000
epoch: 63 pose: -0.000026 -0.000054 -0.000022 0.000012 0.000023 -0.000007 1.000000
epoch: 64 pose: 0.000020 -0.000014 0.000038 0.000035 -0.000055 0.000027 1.000000
epoch: 65 pose: -0.000026 -0.000020 -0.000011 0.000039 -0.000020 0.000019 1.000000
epoch: 66 pose: -0.000029 0.000046 0.000036 -0.000035 -0.000004 -0.000009 1.000000
epoch: 67 pose: 0.000022 -0.000001 -0.000023 0.000021 -0.000018 0.000039 1.000000
epoch: 68 pose: -0.000026 0.000010 0.000007 -0.000019 -0.000003 0.000011 1.000000
epoch: 69 pose: 0.000003 -0.000045 0.000035 0.000039 -0.000014 0.000001 1.000000
epoch: 70 pose: 0.000054 0.000017 -0.000045 0.000011 -0.000032 -0.000004 1.000000
epoch: 71 pose: -0.000046 0.000026 -0.000031 -0.000045 -0.000012 -0.000006 1.000000
epoch: 72 pose: -0.000000 -0.000013 -0.000022 0.000019 -0.000031 0.000007 1.000000
epoch: 73 pose: 0.000014 0.000002 -0.000017 0.000028 -0.000017 -0.000016 1.000000
epoch: 74 pose: -0.000002 0.000043 -0.000016 -0.000009 0.000041 -0.000039 1.000000
epoch: 75 pose: -0.000026 0.000047 -0.000028 -0.000020 -0.000041 -0.000016 1.000000
epoch: 76 pose: 0.000027 -0.000011 0.000039 0.000031 0.000004 0.000007 1.000000
epoch: 77 pose: -0.000021 -0.000002 0.000005 -0.000032 -0.000020 -0.000027 1.000000
epoch: 78 pose: 0.000047 -0.000003 -0.000037 -0.000021 -0.000016 0.000037 1.000000
epoch: 79 pose: 0.000003 0.000035 0.000007 -0.000053 -0.000009 0.000025 1.000000
epoch: 80 pose: 0.000006 -0.000047 0.000045 -0.000048 -0.000037 0.000011 1.000000
epoch: 81 pose: -0.000006 0.000007 -0.000023 0.000036 0.000017 0.000037 1.000000
epoch: 82 pose: 0.000002 0.000014 0.000008 0.000023 -0.000033 -0.000032 1.000000
epoch: 83 pose: 0.000002 -0.000014 0.000036 0.000018 -0.000038 -0.000005 1.000000
epoch: 84 pose: -0.000015 0.000007 -0.000034 0.000045 0.000007 -0.000010 1.000000
epoch: 85 pose: 0.000019 -0.000057 0.000006 -0.000029 0.000035 0.000006 1.000000
epoch: 86 pose: 0.000057 0.000009 -0.000038 0.000006 -0.000009 -0.000003 1.000000
epoch: 87 pose: 0.000012 -0.000036 0.000023 -0.000049 -0.000021 0.000020 1.000000
epoch: 88 pose: -0.000007 -0.000026 -0.000007 0.000028 0.000038 -0.000033 1.000000
epoch: 89 pose: -0.000001 0.000047 -0.000033 0.000051 0.000005 0.000006 1.000000
epoch: 90 pose: -0.000028 0.000025 -0.000047 -0.000041 -0.000007 0.000003 1.000000
epoch: 91 pose: -0.000029 -0.000048 0.000048 0.000003 0.000044 0.000004 1.000000
epoch: 92 pose: -0.000033 0.000003 -0.000053 0.000044 -0.000027 0.000015 1.000000
epoch: 93 pose: 0.000015 -0.000042 -0.000042 -0.000004 0.000031 -0.000042 1.000000
epoch: 94 pose: 0.000024 -0.000056 -0.000016 0.000001 0.000016 -0.000037 1.000000
epoch: 95 pose: -0.000065 -0.000027 0.000020 0.000005 -0.000012 -0.000036 1.000000
epoch: 96 pose: 0.000033 0.000004 -0.000044 0.000047 0.000035 -0.000001 1.000000
epoch: 97 pose: -0.000052 -0.000031 0.000004 0.000046 0.000029 0.000007 1.000000
epoch: 98 pose: 0.000025 0.000003 -0.000036 -0.000010 0.000050 0.000038 1.000000
epoch: 99 pose: -0.000017 -0.000013 0.000022 -0.000020 -0.000032 0.000059 1.000000
epoch: 100 pose: -0.000037 -0.000022 -0.000013 0.000031 0.000021 0.000037 1.000000
epoch: 101 pose: 0.000013 -0.000015 -0.000039 -0.000024 0.000025 -0.000022 1.000000
epoch: 102 pose: 0.000011 0.000000 -0.000060 0.000001 -0.000011 -0.000013 1.000000
epoch: 103 pose: -0.000037 -0.000058 0.000024 -0.000002 -0.000029 0.000013 1.000000
epoch: 104 pose: -0.000003 -0.000077 0.000013 -0.000019 0.000007 0.000031 1.000000
epoch: 105 pose: -0.000050 0.000016 0.000014 -0.000022 -0.000044 0.000040 1.000000
epoch: 106 pose: 0.000001 -0.000004 0.000015 -0.000006 0.000050 -0.000038 1.000000
epoch: 107 pose: -0.000031 0.000030 0.000035 0.000024 0.000019 0.000014 1.000000
epoch: 108 pose: -0.000041 0.000004 -0.000033 -0.000031 0.000004 -0.000039 1.000000
epoch: 109 pose: 0.000024 -0.000015 0.000007 0.000030 -0.000025 0.000012 1.000000
epoch: 110 pose: 0.000016 0.000022 -0.000036 0.000020 0.000034 0.000014 1.000000
epoch: 111 pose: 0.000000 -0.000016 -0.000060 -0.000024 0.000036 0.000002 1.000000
epoch: 112 pose: 0.000048 0.000003 0.000028 -0.000012 -0.000023 0.000049 1.000000
epoch: 113 pose: 0.000018 -0.000010 0.000033 -0.000030 0.000041 -0.000038 1.000000
epoch: 114 pose: -0.000011 -0.000040 -0.000057 -0.000026 -0.000023 0.000002 1.000000
epoch: 115 pose: -0.000044 0.000009 -0.000021 0.000001 0.000000 -0.000009 1.000000
epoch: 116 pose: -0.000056 -0.000001 0.000027 -0.000017 0.000019 0.000019 1.000000
epoch: 117 pose: -0.000050 -0.000039 -0.000008 0.000023 0.000001 -0.000045 1.000000
epoch: 118 pose: -0.000049 -0.000044 -0.000021 0.000051 0.000034 0.000010 1.000000
epoch: 119 pose: -0.000047 -0.000020 -0.000019 0.000048 -0.000004 0.000031 1.000000
epoch: 120 pose: -0.000047 -0.000035 0.000010 -0.000004 0.000046 0.000036 1.000000
epoch: 121 pose: -0.000062 0.000015 -0.000041 0.000037 -0.000017 -0.000014 1.000000
epoch: 122 pose: -0.000011 0.000003 0.000028 -0.000014 -0.000028 0.000010 1.000000
epoch: 123 pose: 0.000020 -0.000027 0.000017 -0.000050 -0.000025 0.000036 1.000000
epoch: 124 pose: 0.000032 -0.000008 0.000030 0.000016 -0.000033 0.000048 1.000000
epoch: 125 pose: 0.000021 0.000017 -0.000045 -0.000015 -0.000042 -0.000009 1.000000
epoch: 126 pose: 0.000015 -0.000051 0.000004 0.000043 -0.000022 -0.000019 1.000000
epoch: 127 pose: -0.000029 0.000004 -0.000023 0.000024 0.000012 0.000037 1.000000
epoch: 128 pose: -0.000016 0.000007 -0.000025 0.000031 0.000033 0.000021 1.000000
epoch: 129 pose: -0.000001 -0.000075 -0.000002 -0.000015 -0.000009 0.000061 1.000000
epoch: 130 pose: -0.000029 0.000030 -0.000050 -0.000038 0.000040 0.000026 1.000000
epoch: 131 pose: 0.000022 0.000011 0.000018 -0.000030 0.000056 0.000028 1.000000
epoch: 132 pose: -0.000005 -0.000061 0.000023 -0.000020 0.000003 0.000004 1.000000
epoch: 133 pose: -0.000057 -0.000009 -0.000053 0.000005 0.000037 0.000032 1.000000
epoch: 134 pose: -0.000026 -0.000014 -0.000001 -0.000030 0.000020 0.000000 1.000000
epoch: 135 pose: 0.000003 -0.000050 -0.000034 0.000026 -0.000033 0.000053 1.000000
epoch: 136 pose: 0.000014 0.000013 -0.000042 -0.000017 0.000046 0.000005 1.000000
epoch: 137 pose: -0.000041 -0.000006 -0.000033 -0.000021 -0.000022 -0.000045 1.000000
epoch: 138 pose: -0.000012 0.000004 0.000006 -0.000037 -0.000014 -0.000038 1.000000
epoch: 139 pose: -0.000044 -0.000012 -0.000035 -0.000024 -0.000030 0.000016 1.000000
epoch: 140 pose: -0.000018 0.000036 -0.000040 -0.000045 -0.000020 0.000013 1.000000
epoch: 141 pose: -0.000052 0.000006 -0.000022 -0.000042 -0.000004 0.000030 1.000000
epoch: 142 pose: -0.000004 -0.000030 0.000025 0.000014 -0.000026 0.000038 1.000000
epoch: 143 pose: 0.000043 -0.000012 -0.000002 0.000015 -0.000014 0.000024 1.000000
epoch: 144 pose: -0.000034 -0.000017 -0.000004 -0.000009 -0.000044 -0.000047 1.000000
epoch: 145 pose: -0.000011 -0.000016 0.000008 0.000052 0.000010 -0.000029 1.000000
epoch: 146 pose: -0.000029 -0.000068 0.000038 -0.000027 0.000018 0.000034 1.000000
epoch: 147 pose: -0.000025 -0.000018 -0.000011 -0.000041 0.000032 0.000004 1.000000
epoch: 148 pose: -0.000073 -0.000031 -0.000046 -0.000023 -0.000044 0.000039 1.000000
epoch: 149 pose: -0.000036 -0.000033 0.000024 0.000019 -0.000011 -0.000002 1.000000
epoch: 150 pose: 0.000001 0.000027 0.000001 -0.000051 -0.000014 0.000015 1.000000
epoch: 151 pose: -0.000028 0.000000 -0.000008 0.000059 0.000029 -0.000028 1.000000
epoch: 152 pose: -0.000055 0.000002 -0.000016 -0.000032 -0.000039 -0.000006 1.000000
epoch: 153 pose: -0.000022 0.000035 -0.000021 -0.000017 -0.000013 0.000010 1.000000
epoch: 154 pose: -0.000048 0.000026 -0.000025 -0.000030 0.000010 0.000042 1.000000
epoch: 155 pose: -0.000057 -0.000021 -0.000030 0.000022 -0.000013 -0.000012 1.000000
epoch: 156 pose: -0.000063 -0.000000 -0.000037 -0.000032 0.000038 -0.000004 1.000000
epoch: 157 pose: 0.000022 -0.000032 -0.000049 0.000045 -0.000018 -0.000035 1.000000
epoch: 158 pose: -0.000017 0.000003 0.000038 0.000045 0.000011 0.000030 1.000000
epoch: 159 pose: -0.000026 0.000038 0.000014 0.000047 0.000034 -0.000024 1.000000
epoch: 160 pose: -0.000067 -0.000015 -0.000015 -0.000028 0.000041 -0.000043 1.000000
epoch: 161 pose: -0.000015 -0.000051 0.000045 0.000035 -0.000048 -0.000007 1.000000
epoch: 162 pose: -0.000024 -0.000001 0.000002 -0.000031 -0.000017 -0.000012 1.000000
epoch: 163 pose: -0.000062 0.000008 0.000050 0.000041 -0.000028 -0.000007 1.000000
epoch: 164 pose: -0.000001 -0.000041 -0.000005 0.000043 0.000029 -0.000022 1.000000
epoch: 165 pose: -0.000068 -0.000041 0.000041 0.000037 0.000025 0.000021 1.000000
epoch: 166 pose: -0.000045 0.000026 -0.000033 -0.000026 0.000062 0.000046 1.000000
epoch: 167 pose: -0.000065 -0.000044 -0.000020 -0.000004 0.000007 -0.000024 1.000000
epoch: 168 pose: 0.000017 -0.000012 -0.000022 -0.000023 0.000060 0.000037 1.000000
epoch: 169 pose: -0.000032 -0.000003 -0.000036 0.000020 0.000000 0.000036 1.000000
epoch: 170 pose: -0.000054 -0.000038 0.000029 0.000022 -0.000012 0.000029 1.000000
epoch: 171 pose: 0.000003 -0.000058 -0.000031 -0.000003 -0.000001 0.000002 1.000000
epoch: 172 pose: -0.000008 -0.000065 -0.000004 0.000030 -0.000024 -0.000025 1.000000
epoch: 173 pose: -0.000008 0.000034 -0.000002 0.000004 -0.000033 0.000020 1.000000
epoch: 174 pose: -0.000021 0.000015 -0.000019 -0.000034 0.000029 -0.000031 1.000000
epoch: 175 pose: -0.000025 -0.000079 0.000058 0.000013 0.000006 0.000010 1.000000
epoch: 176 pose: -0.000046 -0.000038 0.000012 -0.000016 -0.000044 0.000044 1.000000
epoch: 177 pose: -0.000023 -0.000013 0.000035 0.000034 0.000035 0.000019 1.000000
epoch: 178 pose: -0.000023 0.000010 0.000039 0.000001 0.000050 0.000019 1.000000
epoch: 179 pose: 0.000023 0.000019 -0.000003 -0.000001 0.000027 0.000031 1.000000
epoch: 180 pose: 0.000014 -0.000002 0.000040 0.000018 0.000046 0.000023 1.000000
epoch: 181 pose: 0.000049 -0.000002 0.000055 0.000019 -0.000060 0.000019 1.000000
epoch: 182 pose: -0.000029 -0.000044 0.000065 -0.000018 0.000055 -0.000051 1.000000
epoch: 183 pose: -0.000014 -0.000055 0.000054 0.000031 -0.000012 -0.000011 1.000000
epoch: 184 pose: 0.000031 -0.000056 0.000041 -0.000018 0.000062 0.000054 1.000000
epoch: 185 pose: 0.000050 -0.000024 0.000024 0.000001 -0.000047 -0.000057 1.000000
epoch: 186 pose: 0.000029 -0.000036 0.000015 -0.000001 0.000035 -0.000017 1.000000
epoch: 187 pose: -0.000023 -0.000002 0.000009 -0.000046 -0.000012 -0.000034 1.000000
epoch: 188 pose: 0.000004 -0.000043 0.000011 0.000047 0.000021 -0.000055 1.000000
epoch: 189 pose: -0.000002 -0.000063 0.000018 0.000017 0.000031 -0.000050 1.000000
epoch: 190 pose: 0.000022 -0.000057 0.000027 -0.000027 -0.000011 0.000032 1.000000
epoch: 191 pose: 0.000032 0.000007 0.000053 -0.000048 -0.000027 0.000034 1.000000
epoch: 192 pose: 0.000002 -0.000007 0.000080 -0.000041 0.000015 -0.000002 1.000000
epoch: 193 pose: 0.000067 -0.000034 0.000009 0.000058 0.000022 0.000029 1.000000
epoch: 194 pose: 0.000024 -0.000045 0.000038 0.000026 -0.000009 0.000024 1.000000
epoch: 195 pose: -0.000038 -0.000013 0.000075 0.000061 0.000016 0.000058 1.000000
epoch: 196 pose: 0.000006 0.000028 0.000010 -0.000007 0.000010 0.000043 1.000000
epoch: 197 pose: 0.000011 -0.000049 0.000045 -0.000050 -0.000029 0.000014 1.000000
epoch: 198 pose: -0.000016 -0.000083 -0.000010 0.000039 -0.000014 0.000026 1.000000
epoch: 199 pose: 0.000019 -0.000033 0.000042 0.000060 0.000011 0.000036 1.000000
epoch: 200 pose: 0.000023 0.000009 0.000002 -0.000016 -0.000008 -0.000047 1.000000
epoch: 201 pose: 0.000010 0.000009 -0.000020 0.000013 -0.000022 -0.000036 1.000000
epoch: 202 pose: -0.000006 0.000012 0.000069 -0.000021 -0.000041 -0.000002 1.000000
epoch: 203 pose: 0.000052 -0.000009 -0.000025 -0.000006 0.000041 0.000001 1.000000
epoch: 204 pose: -0.000025 -0.000044 0.000007 -0.000013 -0.000014 -0.000044 1.000000
epoch: 205 pose: 0.000067 -0.000035 0.000055 -0.000018 0.000048 -0.000021 1.000000
epoch: 206 pose: 0.000013 -0.000068 0.000040 0.000024 -0.000025 -0.000049 1.000000
epoch: 207 pose: 0.000065 -0.000039 0.000038 -0.000058 -0.000025 0.000016 1.000000
epoch: 208 pose: 0.000011 -0.000026 0.000060 -0.000014 0.000056 -0.000010 1.000000
epoch: 209 pose: 0.000031 -0.000045 0.000001 -0.000004 -0.000051 -0.000015 1.000000
epoch: 210 pose: 0.000021 -0.000016 0.000071 -0.000016 0.000050 -0.000049 1.000000
epoch: 211 pose: 0.000033 0.000004 0.000061 0.000017 0.000014 0.000011 1.000000
epoch: 212 pose: 0.000044 -0.000049 0.000067 -0.000031 -0.000009 0.000036 1.000000
epoch: 213 pose: -0.000004 -0.000002 0.000007 -0.000060 -0.000016 0.000004 1.000000
epoch: 214 pose: 0.000006 -0.000020 0.000063 0.000040 0.000009 0.000024 1.000000
epoch: 215 pose: 0.000012 -0.000005 0.000046 0.000038 -0.000017 0.000037 1.000000
epoch: 216 pose: 0.000020 0.000011 0.000061 0.000004 0.000002 -0.000005 1.000000
epoch: 217 pose: 0.000002 -0.000027 -0.000012 0.000062 0.000013 0.000017 1.000000
epoch: 218 pose: -0.000010 -0.000028 0.000032 0.000021 -0.000034 -0.000012 1.000000
epoch: 219 pose: 0.000052 -0.000017 -0.000002 0.000044 -0.000002 0.000010 1.000000
epoch: 220 pose: -0.000023 -0.000028 -0.000017 -0.000051 0.000006 -0.000034 1.000000
epoch: 221 pose: 0.000038 -0.000035 -0.000014 -0.000013 0.000033 0.000027 1.000000
epoch: 222 pose: -0.000036 -0.000039 0.000015 -0.000042 0.000017 0.000045 1.000000
epoch: 223 pose: -0.000031 -0.000026 0.000051 0.000003 -0.000032 0.000040 1.000000
epoch: 224 pose: -0.000011 -0.000007 0.000001 0.000029 0.000016 0.000014 1.000000
epoch: 225 pose: 0.000043 -0.000002 -0.000022 -0.000021 0.000016 -0.000023 1.000000
epoch: 226 pose: 0.000036 0.000005 0.000061 0.000026 -0.000058 0.000017 1.000000
epoch: 227 pose: 0.000027 -0.000014 0.000064 0.000029 0.000018 -0.000039 1.000000
epoch: 228 pose: 0.000014 -0.000032 -0.000021 0.000034 -0.000004 0.000004 1.000000
epoch: 229 pose: 0.000023 0.000002 0.000015 -0.000010 -0.000022 -0.000043 1.000000
epoch: 230 pose: 0.000043 -0.000053 -0.000023 -0.000048 -0.000003 0.000042 1.000000
epoch: 231 pose: 0.000013 -0.000064 0.000043 0.000027 0.000036 0.000043 1.000000
epoch: 232 pose: 0.000027 0.000014 0.000029 -0.000022 0.000036 0.000058 1.000000
epoch: 233 pose: -0.000012 -0.000055 0.000040 -0.000015 0.000062 -0.000008 1.000000
epoch: 234 pose: -0.000005 -0.000024 0.000056 0.000006 -0.000001 -0.000046 1.000000
epoch: 235 pose: -0.000002 -0.000018 -0.000004 0.000032 -0.000032 0.000005 1.000000
epoch: 236 pose: -0.000031 -0.000006 0.000042 -0.000050 -0.000025 0.000027 1.000000
epoch: 237 pose: 0.000015 0.000026 -0.000005 -0.000005 -0.000019 -0.000007 1.000000
epoch: 238 pose: 0.000023 -0.000040 0.000050 0.000060 0.000022 -0.000024 1.000000
epoch: 239 pose: 0.000027 0.000035 0.000005 0.000017 0.000036 -0.000033 1.000000
epoch: 240 pose: 0.000071 0.000016 0.000057 0.000038 -0.000025 -0.000034 1.000000
epoch: 241 pose: -0.000013 -0.000010 0.000016 -0.000012 0.000036 0.000016 1.000000
epoch: 242 pose: 0.000028 0.000039 0.000060 0.000019 0.000014 -0.000019 1.000000
epoch: 243 pose: -0.000041 0.000008 0.000007 -0.000008 0.000027 0.000021 1.000000
epoch: 244 pose: -0.000008 0.000015 0.000041 0.000019 0.000034 0.000005 1.000000
epoch: 245 pose: -0.000041 0.000013 0.000064 0.000025 0.000024 -0.000001 1.000000
epoch: 246 pose: -0.000002 0.000066 -0.000039 0.000002 0.000011 0.000023 1.000000
epoch: 247 pose: -0.000022 0.000022 0.000050 -0.000028 -0.000007 -0.000006 1.000000
epoch: 248 pose: 0.000015 0.000013 0.000015 -0.000027 0.000034 0.000035 1.000000
epoch: 249 pose: -0.000041 -0.000017 -0.000030 0.000028 -0.000035 0.000044 1.000000
epoch: 250 pose: 0.000002 -0.000040 0.000008 -0.000043 -0.000010 0.000040 1.000000
epoch: 251 pose: -0.000005 -0.000002 0.000022 -0.000009 0.000051 0.000003 1.000000
epoch: 252 pose: -0.000002 0.000015 0.000011 -0.000008 -0.000030 -0.000017 1.000000
epoch: 253 pose: -0.000007 -0.000017 -0.000024 -0.000057 -0.000026 -0.000021 1.000000
epoch: 254 pose: -0.000033 -0.000002 -0.000014 0.000015 0.000012 0.000014 1.000000
epoch: 255 pose: 0.000025 0.000006 -0.000042 0.000012 -0.000042 0.000061 1.000000
epoch: 256 pose: -0.000055 -0.000004 -0.000003 -0.000018 0.000007 -0.000044 1.000000
epoch: 257 pose: 0.000064 -0.000004 -0.000018 0.000025 -0.000025 0.000003 1.000000
epoch: 258 pose: -0.000010 -0.000051 0.000029 0.000016 -0.000057 -0.000058 1.000000
epoch: 259 pose: -0.000052 -0.000002 0.000021 -0.000016 -0.000042 0.000001 1.000000
epoch: 260 pose: 0.000008 0.000001 -0.000049 0.000016 -0.000002 -0.000019 1.000000
epoch: 261 pose: -0.000021 -0.000032 0.000016 0.000015 0.000011 0.000030 1.000000
epoch: 262 pose: -0.000001 -0.000034 0.000020 0.000005 -0.000019 0.000012 1.000000
epoch: 263 pose: -0.000055 -0.000013 0.000035 -0.000049 -0.000002 -0.000001 1.000000
epoch: 264 pose: 0.000007 -0.000050 -0.000024 -0.000037 -0.000001 0.000041 1.000000
epoch: 265 pose: 0.000000 -0.000019 0.000025 0.000040 -0.000033 0.000042 1.000000
epoch: 266 pose: -0.000037 0.000033 -0.000013 0.000046 0.000039 0.000053 1.000000
epoch: 267 pose: 0.000014 -0.000035 -0.000035 -0.000007 -0.000049 -0.000034 1.000000
epoch: 268 pose: -0.000012 0.000020 0.000043 -0.000048 -0.000008 0.000045 1.000000
epoch: 269 pose: -0.000016 0.000024 0.000010 0.000005 -0.000047 0.000000 1.000000
epoch: 270 pose: -0.000035 -0.000007 -0.000009 -0.000026 -0.000026 0.000026 1.000000
epoch: 271 pose: 0.000020 -0.000006 -0.000030 -0.000050 -0.000041 0.000028 1.000000
epoch: 272 pose: -0.000022 -0.000052 -0.000052 -0.000015 0.000039 -0.000022 1.000000
epoch: 273 pose: 0.000001 0.000024 0.000030 -0.000016 0.000046 0.000031 1.000000
epoch: 274 pose: 0.000008 -0.000040 0.000012 -0.000032 0.000032 -0.000033 1.000000
epoch: 275 pose: -0.000005 0.000012 0.000001 0.000045 0.000011 -0.000046 1.000000
epoch: 276 pose: 0.000017 -0.000033 -0.000009 0.000043 0.000032 -0.000040 1.000000
epoch: 277 pose: 0.000034 0.000037 -0.000013 0.000020 0.000037 0.000004 1.000000
epoch: 278 pose: 0.000000 -0.000025 -0.000001 0.000006 -0.000010 0.000023 1.000000
epoch: 279 pose: -0.000015 -0.000002 0.000021 -0.000048 -0.000028 -0.000020 1.000000
epoch: 280 pose: -0.000028 0.000006 0.000058 -0.000023 -0.000031 -0.000040 1.000000
epoch: 281 pose: 0.000027 0.000016 0.000001 -0.000011 -0.000048 -0.000004 1.000000
epoch: 282 pose: 0.000028 -0.000021 -0.000034 -0.000012 0.000039 -0.000017 1.000000
epoch: 283 pose: -0.000063 0.000025 0.000041 -0.000010 -0.000032 -0.000030 1.000000
epoch: 284 pose: -0.000055 -0.000039 0.000040 -0.000045 -0.000033 -0.000031 1.000000
epoch: 285 pose: 0.000003 0.000023 0.000037 -0.000000 0.000024 0.000009 1.000000
epoch: 286 pose: 0.000007 0.000032 0.000051 -0.000008 -0.000016 0.000016 1.000000
epoch: 287 pose: 0.000030 -0.000037 -0.000031 0.000023 0.000051 0.000036 1.000000
epoch: 288 pose: 0.000025 -0.000003 -0.000019 0.000001 -0.000026 -0.000017 1.000000
epoch: 289 pose: 0.000002 0.000011 0.000019 -0.000040 -0.000011 0.000032 1.000000
epoch: 290 pose: -0.000027 -0.000050 -0.000020 -0.000051 0.000042 -0.000034 1.000000
epoch: 291 pose: -0.000023 -0.000059 0.000039 -0.000041 -0.000052 0.000023 1.000000
epoch: 292 pose: 0.000032 -0.000037 0.000014 0.000027 -0.000022 -0.000001 1.000000
epoch: 293 pose: 0.000020 0.000017 0.000007 0.000026 -0.000040 0.000038 1.000000
epoch: 294 pose: -0.000052 0.000011 0.000017 0.000007 0.000003 -0.000045 1.000000
epoch: 295 pose: 0.000033 -0.000019 0.000056 0.000053 -0.000031 -0.000016 1.000000
epoch: 296 pose: -0.000055 -0.000048 0.000008 0.000051 -0.000015 0.000042 1.000000
epoch: 297 pose: -0.000045 -0.000046 -0.000008 -0.000032 -0.000029 0.000034 1.000000
epoch: 298 pose: -0.000006 -0.000041 -0.000019 -0.000043 -0.000025 0.000004 1.000000
epoch: 299 pose: 0.000000 0.000042 -0.000007 0.000044 0.000007 0.000011 1.000000
epoch: 300 pose: -0.000004 -0.000010 0.000034 -0.000002 -0.000007 0.000025 1.000000
epoch: 301 pose: 0.000023 0.000000 -0.000008 0.000029 -0.000012 -0.000018 1.000000
epoch: 302 pose: -0.000017 -0.000026 -0.000019 -0.000055 0.000024 0.000020 1.000000
epoch: 303 pose: -0.000003 -0.000058 -0.000006 0.000006 -0.000022 -0.000041 1.000000
epoch: 304 pose: -0.000032 -0.000003 0.000032 -0.000055 0.000022 0.000008 1.000000
epoch: 305 pose: -0.000015 -0.000052 0.000003 -0.000022 0.000011 -0.000029 1.000000
epoch: 306 pose: 0.000034 -0.000021 -0.000020 0.000051 -0.000023 -0.000045 1.000000
epoch: 307 pose: 0.000007 -0.000056 -0.000019 -0.000020 -0.000029 0.000016 1.000000
epoch: 308 pose: -0.000014 -0.000064 0.000001 -0.000047 0.000005 0.000002 1.000000
epoch: 309 pose: 0.000039 -0.000038 0.000040 0.000029 0.000024 0.000016 1.000000
epoch: 310 pose: 0.000017 -0.000038 -0.000016 0.000029 0.000016 0.000026 1.000000
epoch: 311 pose: 0.000031 -0.000012 0.000040 -0.000010 0.000007 0.000006 1.000000
epoch: 312 pose: 0.000017 0.000017 -0.000006 -0.000051 0.000009 0.000047 1.000000
epoch: 313 pose: 0.000029 -0.000052 -0.000034 0.000017 0.000036 -0.000045 1.000000
epoch: 314 pose: -0.000006 0.000031 0.000038 -0.000033 0.000006 -0.000027 1.000000
epoch: 315 pose: -0.000055 -0.000020 0.000030 -0.000014 -0.000013 -0.000005 1.000000
epoch: 316 pose: 0.000008 -0.000023 0.000047 -0.000021 -0.000038 0.000021 1.000000
epoch: 317 pose: -0.000039 -0.000026 0.000057 0.000026 0.000057 -0.000055 1.000000
epoch: 318 pose: -0.000069 -0.000010 -0.000014 -0.000025 -0.000029 -0.000023 1.000000
epoch: 319 pose: 0.000026 -0.000033 0.000045 -0.000001 -0.000033 0.000051 1.000000
epoch: 320 pose: -0.000040 0.000013 0.000004 0.000037 -0.000021 0.000028 1.000000
epoch: 321 pose: -0.000015 0.000028 -0.000007 -0.000048 -0.000005 0.000023 1.000000
epoch: 322 pose: -0.000049 -0.000028 0.000016 -0.000026 -0.000010 0.000040 1.000000
epoch: 323 pose: -0.000010 -0.000009 0.000059 -0.000019 -0.000009 -0.000007 1.000000
epoch: 324 pose: 0.000021 -0.000057 0.000026 -0.000021 -0.000042 -0.000018 1.000000
epoch: 325 pose: -0.000043 -0.000019 0.000002 0.000041 -0.000002 0.000019 1.000000
epoch: 326 pose: -0.000001 -0.000057 0.000017 -0.000043 -0.000009 -0.000002 1.000000
epoch: 327 pose: -0.000029 0.000033 0.000044 0.000009 0.000016 0.000005 1.000000
epoch: 328 pose: -0.000026 -0.000061 0.000014 -0.000037 0.000007 -0.000009 1.000000
epoch: 329 pose: -0.000044 -0.000035 0.000004 -0.000036 0.000028 -0.000044 1.000000
epoch: 330 pose: -0.000003 -0.000036 0.000029 -0.000006 0.000023 -0.000044 1.000000
epoch: 331 pose: -0.000041 -0.000049 -0.000022 -0.000034 -0.000041 0.000026 1.000000
epoch: 332 pose: 0.000041 -0.000019 -0.000029 0.000008 0.000042 0.000046 1.000000
epoch: 333 pose: -0.000033 -0.000055 -0.000009 0.000027 -0.000005 0.000011 1.000000
epoch: 334 pose: -0.000001 -0.000025 0.000047 -0.000028 -0.000017 -0.000009 1.000000
epoch: 335 pose: -0.000004 -0.000018 0.000046 -0.000048 -0.000005 0.000040 1.000000
epoch: 336 pose: -0.000012 0.000000 0.000072 -0.000012 0.000008 -0.000036 1.000000
epoch: 337 pose: -0.000064 -0.000048 0.000026 0.000022 0.000057 0.000024 1.000000
epoch: 338 pose: -0.000036 0.000006 0.000013 -0.000051 0.000012 -0.000064 1.000000
epoch: 339 pose: -0.000042 0.000037 0.000027 -0.000034 -0.000005 -0.000010 1.000000
epoch: 340 pose: -0.000034 -0.000060 -0.000010 0.000039 -0.000005 -0.000011 1.000000
epoch: 341 pose: -0.000059 -0.000015 -0.000022 0.000026 0.000026 -0.000042 1.000000
epoch: 342 pose: -0.000015 0.000001 0.000006 -0.000007 -0.000055 0.000033 1.000000
epoch: 343 pose: 0.000001 0.000017 0.000068 -0.000028 -0.000045 0.000046 1.000000
epoch: 344 pose: -0.000057 0.000006 0.000053 0.000008 -0.000009 0.000015 1.000000
epoch: 345 pose: 0.000012 -0.000006 0.000083 0.000046 -0.000020 0.000056 1.000000
epoch: 346 pose: -0.000060 -0.000052 0.000031 0.000002 0.000009 0.000025 1.000000
epoch: 347 pose: -0.000027 -0.000069 0.000034 0.000007 -0.000001 -0.000013 1.000000
epoch: 348 pose: 0.000030 0.000005 -0.000016 -0.000023 0.000041 0.000009 1.000000
epoch: 349 pose: -0.000002 -0.000069 -0.000013 0.000038 -0.000016 0.000002 1.000000
epoch: 350 pose: -0.000016 0.000014 0.000030 -0.000037 -0.000036 0.000017 1.000000
epoch: 351 pose: -0.000029 -0.000046 0.000027 0.000044 -0.000009 -0.000006 1.000000
epoch: 352 pose: -0.000024 -0.000031 -0.000027 -0.000027 0.000029 -0.000037 1.000000
epoch: 353 pose: 0.000016 -0.000008 -0.000026 0.000027 0.000002 0.000030 1.000000
epoch: 354 pose: -0.000028 -0.000040 0.000035 -0.000019 0.000014 -0.000007 1.000000
epoch: 355 pose: -0.000010 -0.000004 0.000063 -0.000049 0.000001 0.000042 1.000000
epoch: 356 pose: 0.000031 -0.000015 0.000056 -0.000061 -0.000005 0.000021 1.000000
epoch: 357 pose: -0.000017 -0.000044 -0.000010 -0.000005 -0.000004 0.000052 1.000000
epoch: 358 pose: -0.000047 -0.000001 -0.000004 -0.000045 0.000015 -0.000034 1.000000
epoch: 359 pose: -0.000011 -0.000053 -0.000016 0.000045 -0.000008 -0.000018 1.000000
epoch: 360 pose: 0.000018 -0.000036 0.000032 0.000037 0.000002 0.000026 1.000000
epoch: 361 pose: 0.000012 0.000020 0.000050 -0.000016 -0.000026 -0.000030 1.000000
epoch: 362 pose: 0.000043 -0.000010 0.000045 0.000007 -0.000036 0.000016 1.000000
epoch: 363 pose: 0.000002 -0.000034 0.000013 0.000004 -0.000032 0.000016 1.000000
epoch: 364 pose: -0.000013 -0.000068 0.000049 0.000009 0.000052 0.000054 1.000000
epoch: 365 pose: 0.000039 0.000005 0.000074 0.000010 0.000010 -0.000032 1.000000
epoch: 366 pose: 0.000000 -0.000025 0.000056 -0.000026 0.000012 0.000003 1.000000
epoch: 367 pose: -0.000008 -0.000068 0.000018 -0.000041 -0.000017 -0.000015 1.000000
epoch: 368 pose: 0.000013 -0.000004 -0.000032 0.000006 -0.000016 0.000034 1.000000
epoch: 369 pose: 0.000008 -0.000009 -0.000005 -0.000052 0.000006 0.000061 1.000000
epoch: 370 pose: 0.000003 -0.000003 0.000012 -0.000045 -0.000018 -0.000009 1.000000
epoch: 371 pose: -0.000025 -0.000055 0.000010 -0.000049 -0.000013 0.000018 1.000000
epoch: 372 pose: -0.000012 -0.000017 -0.000000 0.000012 0.000038 -0.000047 1.000000
epoch: 373 pose: 0.000023 -0.000002 -0.000009 0.000045 -0.000016 -0.000021 1.000000
epoch: 374 pose: -0.000025 -0.000015 -0.000035 0.000035 -0.000002 -0.000003 1.000000
epoch: 375 pose: -0.000002 -0.000009 -0.000034 0.000011 -0.000019 0.000019 1.000000
epoch: 376 pose: -0.000014 0.000010 -0.000038 -0.000012 0.000006 -0.000024 1.000000
epoch: 377 pose: 0.000030 -0.000008 -0.000018 0.000014 -0.000020 -0.000008 1.000000
epoch: 378 pose: -0.000004 -0.000051 -0.000001 0.000023 -0.000016 0.000019 1.000000
epoch: 379 pose: -0.000027 -0.000025 0.000038 -0.000002 -0.000000 0.000039 1.000000
epoch: 380 pose: -0.000047 0.000017 -0.000005 -0.000015 -0.000002 -0.000050 1.000000
epoch: 381 pose: 0.000033 -0.000030 -0.000016 0.000022 -0.000047 0.000037 1.000000
epoch: 382 pose: -0.000023 -0.000064 -0.000016 -0.000020 -0.000014 -0.000016 1.000000
epoch: 383 pose: -0.000013 -0.000064 -0.000065 -0.000013 -0.000031 -0.000030 1.000000
epoch: 384 pose: 0.000016 -0.000009 0.000026 0.000037 -0.000009 0.000039 1.000000
epoch: 385 pose: 0.000001 -0.000069 -0.000049 0.000020 -0.000036 -0.000003 1.000000
epoch: 386 pose: 0.000048 -0.000060 0.000036 0.000025 0.000035 0.000045 1.000000
epoch: 387 pose: -0.000019 0.000009 -0.000046 -0.000003 0.000022 -0.000014 1.000000
epoch: 388 pose: -0.000016 -0.000036 0.000012 0.000000 0.000042 0.000003 1.000000
epoch: 389 pose: 0.000008 0.000009 0.000017 -0.000027 -0.000009 0.000000 1.000000
epoch: 390 pose: 0.000006 -0.000074 -0.000046 0.000024 0.000035 0.000018 1.000000
epoch: 391 pose: 0.000051 -0.000020 0.000050 -0.000004 -0.000047 -0.000010 1.000000
epoch: 392 pose: 0.000046 0.000007 -0.000034 0.000003 0.000051 0.000041 1.000000
epoch: 393 pose: 0.000025 0.000012 0.000039 0.000000 0.000052 0.000000 1.000000
epoch: 394 pose: 0.000018 0.000016 0.000045 -0.000001 0.000020 0.000024 1.000000
epoch: 395 pose: 0.000035 0.000003 -0.000016 -0.000024 0.000044 0.000033 1.000000
epoch: 396 pose: 0.000052 0.000017 -0.000041 -0.000007 -0.000013 0.000062 1.000000
epoch: 397 pose: -0.000026 0.000001 -0.000042 0.000012 -0.000024 0.000035 1.000000
epoch: 398 pose: 0.000050 -0.000048 0.000003 0.000002 -0.000040 -0.000012 1.000000
epoch: 399 pose: 0.000054 -0.000024 -0.000031 0.000015 -0.000035 -0.000023 1.000000
epoch: 400 pose: 0.000017 -0.000017 -0.000054 0.000003 0.000006 -0.000032 1.000000
epoch: 401 pose: 0.000016 -0.000053 -0.000054 0.000013 0.000002 -0.000008 1.000000
epoch: 402 pose: 0.000011 0.000027 -0.000012 0.000039 0.000020 -0.000030 1.000000
epoch: 403 pose: -0.000042 -0.000005 -0.000038 -0.000030 -0.000028 -0.000008 1.000000
epoch: 404 pose: 0.000056 -0.000004 -0.000021 -0.000044 -0.000019 -0.000044 1.000000
epoch: 405 pose: -0.000025 0.000020 0.000020 0.000036 0.000014 0.000022 1.000000
epoch: 406 pose: -0.000057 0.000011 0.000013 0.000054 -0.000005 -0.000028 1.000000
epoch: 407 pose: 0.000043 0.000030 -0.000030 0.000022 0.000030 0.000019 1.000000
epoch: 408 pose: 0.000008 0.000061 0.000036 -0.000029 0.000008 0.000039 1.000000
epoch: 409 pose: -0.000035 -0.000020 0.000028 -0.000023 0.000051 -0.000053 1.000000
epoch: 410 pose: -0.000049 0.000027 -0.000023 -0.000001 -0.000037 0.000016 1.000000
epoch: 411 pose: -0.000015 -0.000006 -0.000038 -0.000059 -0.000017 -0.000031 1.000000
epoch: 412 pose: 0.000019 0.000065 -0.000014 -0.000015 -0.000009 -0.000022 1.000000
epoch: 413 pose: -0.000001 -0.000054 0.000042 0.000030 -0.000026 0.000028 1.000000
epoch: 414 pose: -0.000029 -0.000018 -0.000040 -0.000026 0.000046 -0.000013 1.000000
epoch: 415 pose: 0.000007 0.000012 0.000036 0.000037 -0.000017 -0.000015 1.000000
epoch: 416 pose: -0.000005 0.000023 0.000057 -0.000024 0.000032 -0.000015 1.000000
epoch: 417 pose: -0.000008 0.000001 0.000040 0.000041 0.000030 0.000015 1.000000
epoch: 418 pose: -0.000010 -0.000023 -0.000019 -0.000013 0.000010 0.000012 1.000000
epoch: 419 pose: 0.000030 -0.000014 -0.000019 0.000013 0.000020 0.000024 1.000000
epoch: 420 pose: 0.000030 0.000007 0.000048 -0.000003 0.000051 0.000053 1.000000
epoch: 421 pose: 0.000005 0.000026 -0.000020 0.000010 -0.000025 -0.000009 1.000000
epoch: 422 pose: -0.000011 -0.000006 -0.000019 0.000049 -0.000006 -0.000001 1.000000
epoch: 423 pose: 0.000042 0.000019 0.000048 0.000002 0.000010 -0.000018 1.000000
epoch: 424 pose: 0.000002 0.000046 0.000057 0.000056 0.000031 -0.000040 1.000000
epoch: 425 pose: 0.000039 -0.000033 0.000014 0.000032 -0.000013 0.000026 1.000000
epoch: 426 pose: -0.000020 -0.000002 0.000010 0.000033 0.000009 -0.000023 1.000000
epoch: 427 pose: -0.000037 0.000022 0.000045 0.000021 0.000003 0.000016 1.000000
epoch: 428 pose: 0.000009 -0.000003 0.000015 0.000009 0.000005 -0.000049 1.000000
epoch: 429 pose: -0.000042 -0.000006 -0.000004 -0.000014 -0.000034 -0.000017 1.000000
epoch: 430 pose: 0.000023 -0.000025 0.000010 -0.000040 -0.000004 0.000001 1.000000
epoch: 431 pose: -0.000007 -0.000017 0.000052 0.000038 -0.000028 0.000036 1.000000
epoch: 432 pose: -0.000056 -0.000013 0.000018 -0.000019 0.000011 0.000024 1.000000
epoch: 433 pose: 0.000002 0.000026 0.000042 0.000031 -0.000008 -0.000033 1.000000
epoch: 434 pose: 0.000034 -0.000012 -0.000009 0.000013 -0.000025 0.000034 1.000000
epoch: 435 pose: 0.000014 -0.000016 0.000073 0.000007 0.000029 0.000003 1.000000
epoch: 436 pose: 0.000036 -0.000033 -0.000003 -0.000048 -0.000010 -0.000024 1.000000
epoch: 437 pose: 0.000003 -0.000050 0.000060 0.000043 0.000020 0.000035 1.000000
epoch: 438 pose: -0.000010 -0.000008 -0.000022 0.000032 0.000014 0.000038 1.000000
epoch: 439 pose: 0.000051 -0.000037 0.000041 -0.000048 -0.000001 0.000022 1.000000
epoch: 440 pose: 0.000027 -0.000026 0.000043 -0.000034 -0.000032 0.000053 1.000000
epoch: 441 pose: 0.000004 -0.000000 -0.000007 0.000061 0.000026 -0.000051 1.000000
epoch: 442 pose: 0.000038 0.000040 -0.000017 0.000029 0.000032 0.000036 1.000000
epoch: 443 pose: -0.000008 0.000030 0.000008 -0.000056 -0.000030 0.000010 1.000000
epoch: 444 pose: 0.000017 -0.000056 -0.000021 -0.000047 0.000002 0.000017 1.000000
epoch: 445 pose: -0.000017 -0.000023 -0.000003 0.000005 0.000037 0.000045 1.000000
epoch: 446 pose: -0.000013 0.000019 0.000052 -0.000026 0.000005 0.000011 1.000000
epoch: 447 pose: 0.000006 -0.000013 0.000047 -0.000036 0.000040 0.000016 1.000000
epoch: 448 pose: -0.000014 -0.000004 -0.000023 0.000046 0.000015 0.000001 1.000000
epoch: 449 pose: 0.000002 -0.000053 -0.000047 -0.000006 0.000021 0.000008 1.000000
epoch: 450 pose: 0.000020 -0.000001 -0.000001 -0.000009 -0.000042 -0.000008 1.000000
epoch: 451 pose: -0.000010 -0.000007 -0.000001 -0.000043 0.000043 0.000018 1.000000
epoch: 452 pose: -0.000009 0.000007 -0.000035 0.000010 0.000005 -0.000024 1.000000
epoch: 453 pose: 0.000011 -0.000052 -0.000000 0.000017 0.000003 -0.000008 1.000000
epoch: 454 pose: -0.000024 0.000019 0.000036 0.000040 0.000043 -0.000040 1.000000
epoch: 455 pose: -0.000046 0.000025 0.000045 0.000011 0.000016 0.000039 1.000000
epoch: 456 pose: 0.000024 0.000017 0.000026 0.000011 -0.000055 0.000026 1.000000
epoch: 457 pose: -0.000051 -0.000020 -0.000028 0.000042 0.000018 -0.000032 1.000000
epoch: 458 pose: -0.000059 -0.000013 0.000003 -0.000037 0.000040 -0.000019 1.000000
epoch: 459 pose: -0.000000 -0.000004 0.000022 0.000028 -0.000018 0.000019 1.000000
epoch: 460 pose: 0.000026 0.000019 0.000016 0.000024 -0.000005 0.000048 1.000000
epoch: 461 pose: 0.000062 0.000020 -0.000006 0.000038 -0.000014 0.000014 1.000000
epoch: 462 pose: 0.000005 -0.000001 0.000043 -0.000025 0.000047 -0.000015 1.000000
epoch: 463 pose: -0.000009 -0.000009 -0.000023 0.000029 -0.000002 0.000021 1.000000
epoch: 464 pose: 0.000003 0.000015 0.000005 0.000009 -0.000051 0.000040 1.000000
epoch: 465 pose: 0.000024 0.000019 0.000032 0.000024 -0.000019 0.000010 1.000000
epoch: 466 pose: -0.000024 -0.000009 0.000026 -0.000045 -0.000009 0.000042 1.000000
epoch: 467 pose: -0.000044 -0.000030 -0.000067 -0.000028 0.000039 0.000003 1.000000
epoch: 468 pose: 0.000051 -0.000044 0.000030 0.000048 0.000005 -0.000008 1.000000
epoch: 469 pose: 0.000008 -0.000048 0.000011 0.000005 -0.000004 0.000041 1.000000
epoch: 470 pose: 0.000061 -0.000008 -0.000002 -0.000021 0.000019 0.000034 1.000000
epoch: 471 pose: 0.000077 0.000009 -0.000041 -0.000032 -0.000011 0.000007 1.000000
epoch: 472 pose: 0.000025 -0.000010 0.000007 0.000017 -0.000025 0.000027 1.000000
epoch: 473 pose: 0.000032 -0.000022 -0.000054 0.000040 0.000015 -0.000023 1.000000
epoch: 474 pose: 0.000071 -0.000038 -0.000030 0.000001 -0.000045 0.000016 1.000000
epoch: 475 pose: 0.000049 -0.000056 -0.000017 0.000052 0.000034 -0.000043 1.000000
epoch: 476 pose: 0.000044 -0.000006 -0.000018 -0.000018 -0.000048 0.000037 1.000000
epoch: 477 pose: 0.000066 0.000037 -0.000030 -0.000038 0.000004 0.000005 1.000000
epoch: 478 pose: -0.000033 -0.000019 0.000024 0.000044 -0.000007 -0.000052 1.000000
epoch: 479 pose: -0.000024 0.000039 -0.000032 0.000024 -0.000017 -0.000043 1.000000
epoch: 480 pose: -0.000020 -0.000036 0.000011 0.000024 -0.000002 0.000042 1.000000
epoch: 481 pose: 0.000004 -0.000002 -0.000046 -0.000016 -0.000039 0.000017 1.000000
epoch: 482 pose: 0.000020 0.000021 -0.000011 0.000012 -0.000039 -0.000004 1.000000
epoch: 483 pose: 0.000017 0.000051 0.000027 0.000027 0.000016 -0.000050 1.000000
epoch: 484 pose: -0.000026 -0.000015 -0.000069 -0.000019 -0.000013 -0.000003 1.000000
epoch: 485 pose: 0.000013 -0.000010 -0.000015 0.000021 0.000038 0.000042 1.000000
epoch: 486 pose: 0.000011 0.000032 -0.000058 0.000030 0.000040 -0.000013 1.000000
epoch: 487 pose: 0.000049 0.000002 0.000002 0.000029 -0.000016 -0.000028 1.000000
epoch: 488 pose: 0.000024 0.000043 -0.000025 0.000010 -0.000026 -0.000049 1.000000
epoch: 489 pose: 0.000010 0.000010 -0.000026 -0.000004 0.000021 0.000028 1.000000
epoch: 490 pose: 0.000007 0.000018 0.000009 0.000016 0.000034 0.000019 1.000000
epoch: 491 pose: -0.000011 0.000049 -0.000023 -0.000026 0.000012 0.000040 1.000000
epoch: 492 pose: 0.000043 0.000046 -0.000017 0.000031 -0.000035 -0.000021 1.000000
epoch: 493 pose: 0.000023 0.000037 0.000028 0.000038 0.000031 -0.000019 1.000000
epoch: 494 pose: 0.000025 0.000004 0.000005 0.000031 0.000027 -0.000004 1.000000
epoch: 495 pose: -0.000001 0.000029 0.000030 0.000026 0.000009 0.000025 1.000000
epoch: 496 pose: 0.000045 -0.000020 -0.000011 -0.000026 -0.000043 0.000009 1.000000
epoch: 497 pose: 0.000003 0.000033 -0.000003 0.000034 -0.000021 0.000026 1.000000
epoch: 498 pose: -0.000002 -0.000003 0.000033 0.000028 -0.000000 -0.000052 1.000000
epoch: 499 pose: -0.000008 -0.000010 -0.000005 -0.000017 0.000030 -0.000045 1.000000
epoch: 500 pose: -0.000047 0.000033 -0.000001 0.000011 -0.000007 0.000014 1.000000
epoch: 501 pose: -0.000007 0.000054 0.000009 0.000026 0.000011 0.000009 1.000000
epoch: 502 pose: -0.000004 0.000022 0.000034 -0.000026 -0.000037 0.000049 1.000000
epoch: 503 pose: -0.000041 0.000018 -0.000019 0.000050 -0.000040 0.000007 1.000000
epoch: 504 pose: -0.000027 0.000045 0.000033 0.000002 -0.000013 -0.000014 1.000000
epoch: 505 pose: -0.000030 0.000023 -0.000022 -0.000037 0.000002 0.000036 1.000000
epoch: 506 pose: -0.000050 -0.000007 0.000014 0.000041 -0.000042 -0.000017 1.000000
epoch: 507 pose: -0.000068 0.000021 -0.000029 0.000036 0.000038 0.000018 1.000000
epoch: 508 pose: -0.000039 0.000018 0.000010 -0.000016 0.000016 0.000020 1.000000
epoch: 509 pose: -0.000075 0.000013 -0.000050 -0.000001 -0.000032 0.000013 1.000000
epoch: 510 pose: 0.000010 -0.000016 -0.000020 0.000010 0.000022 0.000014 1.000000
epoch: 511 pose: 0.000003 0.000064 0.000028 0.000034 0.000043 -0.000035 1.000000
epoch: 512 pose: -0.000016 0.000060 -0.000032 0.000016 0.000044 0.000032 1.000000
epoch: 513 pose: -0.000049 0.000050 -0.000011 -0.000026 -0.000052 0.000029 1.000000
epoch: 514 pose: -0.000033 0.000056 0.000001 0.000042 -0.000002 -0.000015 1.000000
epoch: 515 pose: 0.000032 0.000004 -0.000009 0.000029 0.000030 -0.000050 1.000000
epoch: 516 pose: -0.000058 -0.000029 -0.000023 0.000012 0.000020 -0.000030 1.000000
epoch: 517 pose: -0.000011 -0.000018 -0.000028 -0.000018 0.000043 0.000013 1.000000
epoch: 518 pose: 0.000027 0.000002 -0.000034 0.000027 0.000059 -0.000024 1.000000
epoch: 519 pose: -0.000065 -0.000004 -0.000039 0.000053 -0.000029 -0.000033 1.000000
epoch: 520 pose: 0.000022 -0.000034 0.000040 -0.000029 -0.000025 -0.000049 1.000000
epoch: 521 pose: -0.000043 0.000040 0.000023 0.000028 0.000032 -0.000027 1.000000
epoch: 522 pose: -0.000030 -0.000028 -0.000020 0.000017 -0.000048 0.000046 1.000000
epoch: 523 pose: -0.000073 -0.000001 0.000019 -0.000027 -0.000057 0.000005 1.000000
epoch: 524 pose: -0.000079 0.000002 0.000031 -0.000036 -0.000011 0.000041 1.000000
epoch: 525 pose: -0.000042 0.000033 -0.000003 0.000043 -0.000025 -0.000011 1.000000
epoch: 526 pose: -0.000007 -0.000062 0.000036 0.000002 -0.000035 -0.000018 1.000000
epoch: 527 pose: -0.000038 -0.000009 -0.000044 0.000020 0.000058 0.000013 1.000000
epoch: 528 pose: -0.000011 -0.000070 0.000024 -0.000008 0.000010 -0.000000 1.000000
epoch: 529 pose: -0.000007 0.000046 -0.000043 -0.000056 0.000015 -0.000029 1.000000
epoch: 530 pose: -0.000040 -0.000054 0.000049 0.000052 -0.000023 -0.000065 1.000000
epoch: 531 pose: 0.000034 -0.000004 -0.000015 0.000035 0.000041 -0.000042 1.000000
epoch: 532 pose: -0.000019 -0.000037 -0.000021 0.000041 0.000025 0.000009 1.000000
epoch: 533 pose: -0.000042 -0.000032 0.000007 0.000017 -0.000003 0.000031 1.000000
epoch: 534 pose: 0.000009 -0.000034 -0.000010 -0.000003 0.000040 0.000021 1.000000
epoch: 535 pose: -0.000010 -0.000062 0.000007 -0.000008 -0.000010 -0.000009 1.000000
epoch: 536 pose: 0.000029 -0.000013 -0.000037 0.000032 0.000014 0.000023 1.000000
epoch: 537 pose: -0.000022 0.000005 -0.000036 -0.000019 0.000003 -0.000005 1.000000
epoch: 538 pose: -0.000066 -0.000011 -0.000004 -0.000019 -0.000047 -0.000026 1.000000
epoch: 539 pose: -0.000012 0.000000 -0.000029 0.000028 -0.000021 0.000031 1.000000
epoch: 540 pose: 0.000027 -0.000022 -0.000030 0.000011 -0.000010 -0.000012 1.000000
epoch: 541 pose: -0.000032 0.000029 0.000019 -0.000040 0.000017 -0.000006 1.000000
epoch: 542 pose: 0.000022 0.000000 -0.000019 -0.000020 0.000004 -0.000015 1.000000
epoch: 543 pose: 0.000041 -0.000005 -0.000026 0.000042 0.000004 0.000005 1.000000
epoch: 544 pose: -0.000037 -0.000038 0.000006 -0.000050 0.000027 -0.000047 1.000000
epoch: 545 pose: 0.000001 -0.000060 0.000044 -0.000021 0.000029 -0.000036 1.000000
epoch: 546 pose: -0.000010 0.000017 0.000027 0.000056 -0.000022 0.000035 1.000000
epoch: 547 pose: -0.000049 -0.000044 0.000024 0.000031 0.000004 -0.000036 1.000000
epoch: 548 pose: -0.000074 -0.000027 0.000030 0.000007 0.000017 0.000021 1.000000
epoch: 549 pose: -0.000077 -0.000018 -0.000035 0.000051 -0.000028 0.000011 1.000000
epoch: 550 pose: -0.000049 -0.000040 0.000008 -0.000043 0.000009 0.000001 1.000000
epoch: 551 pose: -0.000006 -0.000038 -0.000039 -0.000005 -0.000030 -0.000047 1.000000
epoch: 552 pose: -0.000010 0.000018 0.000033 0.000008 -0.000032 0.000007 1.000000
epoch: 553 pose: -0.000057 -0.000038 0.000023 0.000003 0.000011 -0.000023 1.000000
epoch: 554 pose: -0.000040 -0.000025 0.000005 -0.000016 -0.000012 -0.000005 1.000000
epoch: 555 pose: -0.000005 0.000022 -0.000011 0.000007 0.000049 0.000047 1.000000
epoch: 556 pose: -0.000022 0.000028 -0.000032 -0.000030 0.000024 0.000021 1.000000
epoch: 557 pose: -0.000085 -0.000024 -0.000055 -0.000006 -0.000053 0.000032 1.000000
epoch: 558 pose: -0.000074 -0.000019 0.000009 -0.000004 -0.000042 0.000046 1.000000
epoch: 559 pose: -0.000074 -0.000017 -0.000043 -0.000034 0.000033 -0.000027 1.000000
epoch: 560 pose: -0.000063 -0.000041 0.000001 0.000012 -0.000029 0.000024 1.000000
epoch: 561 pose: 0.000004 -0.000056 0.000018 0.000040 -0.000018 0.000048 1.000000
epoch: 562 pose: 0.000033 -0.000019 0.000017 0.000045 -0.000022 -0.000034 1.000000
epoch: 563 pose: -0.000037 -0.000054 0.000016 -0.000015 -0.000037 -0.000044 1.000000
epoch: 564 pose: -0.000045 0.000045 -0.000022 -0.000022 -0.000063 -0.000043 1.000000
epoch: 565 pose: -0.000029 -0.000068 0.000026 -0.000028 -0.000052 -0.000005 1.000000
epoch: 566 pose: -0.000019 0.000034 -0.000054 0.000003 -0.000021 -0.000035 1.000000
epoch: 567 pose: -0.000041 -0.000022 -0.000054 -0.000035 -0.000033 0.000014 1.000000
epoch: 568 pose: 0.000009 -0.000029 0.000015 -0.000008 0.000010 0.000014 1.000000
epoch: 569 pose: 0.000027 -0.000002 -0.000039 0.000037 0.000013 -0.000023 1.000000
epoch: 570 pose: -0.000022 -0.000042 0.000000 0.000057 -0.000014 0.000043 1.000000
epoch: 571 pose: -0.000060 -0.000018 0.000019 0.000043 -0.000013 -0.000017 1.000000
epoch: 572 pose: -0.000032 -0.000047 0.000002 0.000017 0.000030 0.000024 1.000000
epoch: 573 pose: -0.000056 0.000001 -0.000029 -0.000028 -0.000025 0.000019 1.000000
epoch: 574 pose: -0.000057 0.000040 0.000004 -0.000017 -0.000024 0.000020 1.000000
epoch: 575 pose: -0.000008 -0.000045 0.000020 -0.000029 -0.000038 0.000037 1.000000
epoch: 576 pose: -0.000011 0.000019 0.000010 -0.000022 0.000019 0.000008 1.000000
epoch: 577 pose: -0.000007 -0.000062 -0.000026 -0.000044 0.000025 -0.000016 1.000000
epoch: 578 pose: -0.000086 -0.000035 0.000029 0.000053 -0.000006 -0.000014 1.000000
epoch: 579 pose: -0.000032 -0.000052 0.000040 -0.000042 0.000028 -0.000001 1.000000
epoch: 580 pose: -0.000065 -0.000024 -0.000049 0.000010 0.000023 0.000030 1.000000
epoch: 581 pose: -0.000051 0.000020 0.000034 0.000033 -0.000000 0.000030 1.000000
epoch: 582 pose: -0.000083 -0.000033 0.000014 -0.000067 0.000018 0.000016 1.000000
epoch: 583 pose: -0.000027 -0.000053 -0.000025 0.000019 0.000031 -0.000030 1.000000
epoch: 584 pose: -0.000050 0.000030 0.000040 0.000014 -0.000025 -0.000022 1.000000
epoch: 585 pose: 0.000003 -0.000015 -0.000010 0.000008 -0.000046 -0.000049 1.000000
epoch: 586 pose: -0.000074 0.000007 -0.000049 -0.000054 0.000027 0.000021 1.000000
epoch: 587 pose: -0.000056 0.000020 -0.000018 -0.000000 -0.000041 0.000017 1.000000
epoch: 588 pose: -0.000077 -0.000013 0.000012 -0.000012 -0.000005 -0.000045 1.000000
epoch: 589 pose: -0.000058 0.000022 0.000008 -0.000053 0.000025 0.000022 1.000000
epoch: 590 pose: -0.000042 0.000006 -0.000008 -0.000003 -0.000023 -0.000020 1.000000
epoch: 591 pose: -0.000025 -0.000053 -0.000037 -0.000015 -0.000001 -0.000017 1.000000
epoch: 592 pose: 0.000002 -0.000015 -0.000004 0.000041 0.000007 0.000036 1.000000
epoch: 593 pose: -0.000015 -0.000020 0.000030 -0.000010 0.000036 0.000015 1.000000
epoch: 594 pose: -0.000028 0.000013 0.000029 0.000011 -0.000033 -0.000029 1.000000
epoch: 595 pose: -0.000044 -0.000038 0.000027 0.000014 0.000028 0.000025 1.000000
epoch: 596 pose: -0.000019 -0.000036 0.000007 0.000053 -0.000016 -0.000051 1.000000
epoch: 597 pose: 0.000011 -0.000025 -0.000019 0.000049 -0.000011 0.000007 1.000000
epoch: 598 pose: -0.000096 -0.000042 -0.000032 0.000041 -0.000008 0.000032 1.000000
epoch: 599 pose: -0.000016 0.000018 0.000028 0.000024 -0.000030 0.000006 1.000000
epoch: 600 pose: -0.000083 -0.000041 0.000004 0.000004 0.000037 0.000024 1.000000
epoch: 601 pose: -0.000009 0.000008 -0.000038 0.000034 0.000007 0.000019 1.000000
epoch: 602 pose: 0.000022 -0.000012 0.000023 -0.000008 0.000038 0.000022 1.000000
epoch: 603 pose: -0.000050 0.000017 -0.000015 0.000066 -0.000017 0.000024 1.000000
epoch: 604 pose: 0.000011 -0.000052 -0.000048 0.000003 -0.000028 -0.000034 1.000000
epoch: 605 pose: -0.000059 0.000006 0.000034 -0.000014 0.000018 0.000009 1.000000
epoch: 606 pose: -0.000051 -0.000049 0.000023 -0.000029 -0.000004 0.000068 1.000000
epoch: 607 pose: 0.000010 -0.000013 0.000018 -0.000013 0.000009 0.000002 1.000000
epoch: 608 pose: -0.000028 -0.000026 0.000049 0.000035 -0.000024 0.000021 1.000000
epoch: 609 pose: 0.000010 0.000001 -0.000033 -0.000016 -0.000008 0.000009 1.000000
epoch: 610 pose: -0.000029 -0.000047 0.000010 0.000058 -0.000007 0.000032 1.000000
epoch: 611 pose: -0.000035 -0.000065 -0.000037 0.000034 0.000002 -0.000020 1.000000
epoch: 612 pose: -0.000042 0.000019 0.000027 -0.000020 -0.000050 0.000029 1.000000
epoch: 613 pose: -0.000061 -0.000055 0.000009 -0.000004 -0.000003 -0.000031 1.000000
epoch: 614 pose: -0.000039 0.000037 -0.000012 0.000019 -0.000007 0.000025 1.000000
epoch: 615 pose: -0.000065 -0.000050 -0.000013 -0.000030 0.000033 0.000040 1.000000
epoch: 616 pose: -0.000010 -0.000083 -0.000014 0.000002 0.000029 0.000033 1.000000
epoch: 617 pose: -0.000057 -0.000017 -0.000006 -0.000002 -0.000016 0.000051 1.000000
epoch: 618 pose: -0.000006 -0.000078 0.000016 0.000004 0.000046 -0.000004 1.000000
epoch: 619 pose: -0.000011 -0.000048 0.000045 -0.000021 -0.000052 -0.000047 1.000000
epoch: 620 pose: -0.000028 0.000009 -0.000008 0.000035 -0.000004 0.000001 1.000000
epoch: 621 pose: 0.000013 0.000007 -0.000043 -0.000048 -0.000005 -0.000002 1.000000
epoch: 622 pose: -0.000023 -0.000045 -0.000036 0.000018 -0.000006 0.000007 1.000000
epoch: 623 pose: -0.000066 -0.000034 -0.000012 -0.000003 0.000001 0.000035 1.000000
epoch: 624 pose: 0.000020 0.000016 0.000026 -0.000024 0.000004 -0.000019 1.000000
epoch: 625 pose: 0.000004 0.000009 -0.000008 -0.000054 0.000021 0.000020 1.000000
epoch: 626 pose: -0.000054 -0.000038 -0.000021 -0.000004 -0.000053 -0.000028 1.000000
epoch: 627 pose: -0.000034 0.000014 -0.000022 0.000033 -0.000019 0.000015 1.000000
epoch: 628 pose: 0.000020 0.000006 -0.000003 0.000019 0.000048 0.000035 1.000000
epoch: 629 pose: -0.000064 0.000015 0.000050 -0.000012 0.000040 0.000011 1.000000
epoch: 630 pose: -0.000031 0.000021 0.000017 -0.000045 0.000020 -0.000012 1.000000
epoch: 631 pose: -0.000048 0.000021 0.000022 0.000011 0.000021 -0.000036 1.000000
epoch: 632 pose: -0.000068 -0.000057 -0.000028 0.000000 -0.000014 0.000014 1.000000
epoch: 633 pose: -0.000014 -0.000026 0.000022 -0.000038 0.000016 0.000026 1.000000
epoch: 634 pose: -0.000054 -0.000041 0.000022 -0.000013 -0.000043 -0.000058 1.000000
epoch: 635 pose: -0.000053 0.000019 0.000042 -0.000060 0.000007 0.000049 1.000000
epoch: 636 pose: -0.000064 -0.000007 -0.000004 0.000057 -0.000008 -0.000022 1.000000
epoch: 637 pose: -0.000041 -0.000048 -0.000020 -0.000040 -0.000009 0.000041 1.000000
epoch: 638 pose: -0.000065 -0.000004 -0.000019 0.000015 -0.000049 0.000034 1.000000
epoch: 639 pose: -0.000038 -0.000051 0.000020 0.000013 -0.000041 -0.000041 1.000000
epoch: 640 pose: -0.000021 -0.000027 -0.000011 -0.000001 -0.000054 -0.000038 1.000000
epoch: 641 pose: -0.000079 -0.000029 0.000015 -0.000011 0.000002 0.000039 1.000000
epoch: 642 pose: -0.000051 0.000022 -0.000030 0.000005 -0.000009 0.000028 1.000000
epoch: 643 pose: -0.000016 0.000016 -0.000025 -0.000001 0.000006 -0.000033 1.000000
epoch: 644 pose: -0.000009 0.000029 0.000032 -0.000024 0.000009 0.000006 1.000000
epoch: 645 pose: -0.000006 -0.000013 0.000022 -0.000050 0.000019 0.000035 1.000000
epoch: 646 pose: -0.000053 -0.000005 -0.000036 0.000004 -0.000032 -0.000016 1.000000
epoch: 647 pose: -0.000037 -0.000014 0.000030 0.000014 0.000005 -0.000001 1.000000
epoch: 648 pose: 0.000028 0.000003 0.000024 0.000018 0.000053 0.000018 1.000000
epoch: 649 pose: -0.000047 -0.000024 -0.000018 0.000036 -0.000017 -0.000024 1.000000
epoch: 650 pose: -0.000070 -0.000023 -0.000035 -0.000020 -0.000028 -0.000023 1.000000
epoch: 651 pose: -0.000044 0.000025 -0.000012 0.000040 0.000000 0.000004 1.000000
epoch: 652 pose: -0.000055 -0.000011 -0.000051 -0.000007 -0.000013 0.000049 1.000000
epoch: 653 pose: -0.000068 -0.000008 -0.000030 -0.000052 -0.000010 -0.000009 1.000000
epoch: 654 pose: -0.000073 -0.000015 0.000028 -0.000041 0.000012 -0.000048 1.000000
epoch: 655 pose: 0.000003 -0.000030 0.000023 0.000030 -0.000032 0.000011 1.000000
epoch: 656 pose: -0.000012 0.000000 -0.000030 -0.000030 0.000032 0.000021 1.000000
epoch: 657 pose: 0.000022 -0.000013 -0.000033 -0.000000 -0.000033 -0.000013 1.000000
epoch: 658 pose: 0.000006 -0.000014 0.000020 0.000018 0.000023 0.000011 1.000000
epoch: 659 pose: -0.000071 -0.000028 -0.000068 0.000004 0.000051 0.000027 1.000000
epoch: 660 pose: -0.000010 -0.000055 -0.000006 0.000015 -0.000020 -0.000053 1.000000
epoch: 661 pose: -0.000009 -0.000077 0.000011 0.000004 -0.000037 0.000046 1.000000
epoch: 662 pose: -0.000027 -0.000071 -0.000024 0.000008 -0.000025 0.000015 1.000000
epoch: 663 pose: -0.000045 0.000015 -0.000004 -0.000039 -0.000031 -0.000016 1.000000
epoch: 664 pose: -0.000044 0.000024 -0.000033 0.000030 0.000034 0.000036 1.000000
epoch: 665 pose: -0.000017 -0.000018 -0.000017 -0.000010 0.000013 0.000036 1.000000
epoch: 666 pose: -0.000003 -0.000045 -0.000034 0.000014 0.000019 -0.000015 1.000000
epoch: 667 pose: -0.000045 0.000048 -0.000000 0.000013 0.000011 0.000052 1.000000
epoch: 668 pose: -0.000073 -0.000041 -0.000010 0.000004 0.000050 -0.000039 1.000000
epoch: 669 pose: -0.000005 -0.000076 0.000027 0.000013 -0.000036 0.000051 1.000000
epoch: 670 pose: 0.000043 0.000001 0.000018 0.000025 -0.000042 0.000002 1.000000
epoch: 671 pose: -0.000019 -0.000020 -0.000025 0.000015 -0.000017 -0.000051 1.000000
epoch: 672 pose: 0.000005 -0.000051 -0.000012 -0.000001 -0.000046 -0.000046 1.000000
epoch: 673 pose: 0.000019 0.000006 -0.000053 -0.000013 0.000023 -0.000002 1.000000
epoch: 674 pose: -0.000070 -0.000024 -0.000044 -0.000015 0.000017 0.000028 1.000000
epoch: 675 pose: 0.000009 -0.000023 -0.000003 -0.000033 -0.000039 -0.000033 1.000000
epoch: 676 pose: -0.000057 0.000022 0.000011 0.000009 -0.000043 0.000041 1.000000
epoch: 677 pose: -0.000013 -0.000033 -0.000049 0.000008 -0.000049 -0.000030 1.000000
epoch: 678 pose: -0.000024 -0.000029 -0.000049 -0.000037 -0.000006 0.000002 1.000000
epoch: 679 pose: -0.000048 -0.000054 -0.000005 -0.000026 0.000002 -0.000016 1.000000
epoch: 680 pose: -0.000056 -0.000039 0.000002 0.000035 -0.000003 -0.000041 1.000000
epoch: 681 pose: -0.000011 -0.000063 -0.000042 -0.000012 -0.000009 -0.000029 1.000000
epoch: 682 pose: -0.000063 -0.000003 -0.000003 0.000003 0.000018 -0.000026 1.000000
epoch: 683 pose: 0.000013 -0.000035 -0.000011 0.000032 -0.000018 0.000007 1.000000
epoch: 684 pose: 0.000024 -0.000001 -0.000046 0.000019 -0.000042 0.000028 1.000000
epoch: 685 pose: 0.000019 0.000005 -0.000010 0.000009 -0.000037 -0.000001 1.000000
epoch: 686 pose: 0.000027 -0.000001 -0.000014 -0.000034 -0.000014 0.000046 1.000000
epoch: 687 pose: -0.000001 -0.000064 -0.000041 -0.000010 0.000003 0.000008 1.000000
epoch: 688 pose: -0.000034 -0.000011 -0.000016 0.000047 -0.000011 -0.000006 1.000000
epoch: 689 pose: -0.000047 0.000002 -0.000023 -0.000040 -0.000027 -0.000015 1.000000
epoch: 690 pose: -0.000031 -0.000022 0.000029 -0.000011 0.000023 -0.000030 1.000000
epoch: 691 pose: 0.000030 0.000005 -0.000057 -0.000024 -0.000063 -0.000009 1.000000
epoch: 692 pose: -0.000015 0.000002 -0.000068 -0.000001 0.000043 -0.000029 1.000000
epoch: 693 pose: 0.000005 -0.000054 0.000000 -0.000050 -0.000016 -0.000037 1.000000
epoch: 694 pose: -0.000056 -0.000030 0.000034 -0.000041 0.000006 -0.000032 1.000000
epoch: 695 pose: -0.000019 0.000033 0.000019 -0.000040 -0.000015 0.000012 1.000000
epoch: 696 pose: 0.000001 -0.000023 -0.000034 -0.000010 -0.000033 0.000011 1.000000
epoch: 697 pose: 0.000041 -0.000006 -0.000022 0.000061 -0.000025 -0.000035 1.000000
epoch: 698 pose: -0.000022 -0.000054 -0.000022 0.000048 0.000023 0.000040 1.000000
epoch: 699 pose: 0.000020 0.000012 0.000031 0.000046 -0.000032 0.000025 1.000000
epoch: 700 pose: -0.000035 0.000033 -0.000018 -0.000030 -0.000017 -0.000024 1.000000
epoch: 701 pose: -0.000009 -0.000075 -0.000014 0.000039 0.000002 -0.000037 1.000000
epoch: 702 pose: -0.000030 -0.000045 -0.000022 -0.000017 -0.000052 -0.000043 1.000000
epoch: 703 pose: -0.000002 -0.000013 0.000022 0.000040 -0.000028 -0.000048 1.000000
epoch: 704 pose: -0.000080 -0.000019 -0.000035 0.000018 0.000044 -0.000011 1.000000
epoch: 705 pose: -0.000046 -0.000001 -0.000042 -0.000024 0.000035 0.000028 1.000000
epoch: 706 pose: -0.000043 0.000019 0.000018 -0.000037 -0.000010 -0.000031 1.000000
epoch: 707 pose: -0.000007 0.000045 0.000030 0.000003 -0.000024 0.000001 1.000000
epoch: 708 pose: -0.000011 -0.000046 0.000023 0.000008 0.000052 0.000025 1.000000
epoch: 709 pose: -0.000016 0.000050 -0.000032 -0.000026 -0.000029 -0.000023 1.000000
epoch: 710 pose: -0.000054 0.000017 -0.000019 0.000031 0.000020 -0.000030 1.000000
epoch: 711 pose: -0.000004 0.000054 0.000034 -0.000023 -0.000027 0.000056 1.000000
epoch: 712 pose: -0.000008 -0.000043 0.000045 -0.000048 0.000012 -0.000018 1.000000
epoch: 713 pose: -0.000016 0.000015 0.000009 -0.000013 -0.000049 -0.000035 1.000000
epoch: 714 pose: -0.000002 0.000040 0.000036 0.000027 0.000012 -0.000000 1.000000
epoch: 715 pose: 0.000022 0.000041 0.000010 -0.000008 -0.000052 -0.000010 1.000000
epoch: 716 pose: -0.000028 -0.000059 -0.000051 0.000017 -0.000016 -0.000027 1.000000
epoch: 717 pose: -0.000044 0.000016 0.000042 -0.000014 -0.000016 0.000056 1.000000
epoch: 718 pose: -0.000019 -0.000008 -0.000019 0.000012 -0.000035 0.000026 1.000000
epoch: 719 pose: 0.000013 0.000049 -0.000025 0.000022 0.000059 0.000038 1.000000
epoch: 720 pose: -0.000024 0.000009 0.000040 0.000010 -0.000001 0.000045 1.000000
epoch: 721 pose: -0.000025 0.000018 -0.000031 0.000059 -0.000028 0.000008 1.000000
epoch: 722 pose: -0.000023 -0.000042 -0.000055 -0.000039 0.000021 0.000050 1.000000
epoch: 723 pose: -0.000029 0.000045 -0.000023 -0.000034 -0.000015 -0.000047 1.000000
epoch: 724 pose: 0.000010 -0.000028 -0.000032 -0.000033 0.000006 0.000019 1.000000
epoch: 725 pose: 0.000033 -0.000013 0.000017 0.000034 0.000018 0.000013 1.000000
epoch: 726 pose: 0.000002 0.000003 -0.000058 0.000014 -0.000031 0.000024 1.000000
epoch: 727 pose: 0.000037 -0.000014 0.000016 -0.000035 -0.000014 -0.000048 1.000000
epoch: 728 pose: -0.000059 0.000010 -0.000018 0.000042 0.000012 0.000017 1.000000
epoch: 729 pose: 0.000013 -0.000003 -0.000028 0.000008 0.000038 0.000004 1.000000
epoch: 730 pose: -0.000040 -0.000048 -0.000060 0.000014 -0.000015 -0.000018 1.000000
epoch: 731 pose: 0.000012 -0.000045 -0.000059 -0.000032 0.000009 -0.000036 1.000000
epoch: 732 pose: 0.000024 0.000048 0.000021 0.000015 0.000002 -0.000045 1.000000
epoch: 733 pose: -0.000069 0.000017 -0.000038 -0.000029 0.000015 -0.000044 1.000000
epoch: 734 pose: 0.000011 0.000023 -0.000057 0.000022 0.000017 -0.000008 1.000000
epoch: 735 pose: 0.000040 -0.000000 0.000007 0.000037 0.000023 -0.000048 1.000000
epoch: 736 pose: -0.000029 0.000040 -0.000054 0.000010 -0.000022 -0.000019 1.000000
epoch: 737 pose: -0.000002 0.000021 0.000030 0.000037 -0.000023 0.000011 1.000000
epoch: 738 pose: -0.000021 -0.000033 -0.000002 -0.000052 0.000017 0.000025 1.000000
epoch: 739 pose: -0.000023 0.000011 0.000035 -0.000038 -0.000021 -0.000012 1.000000
epoch: 740 pose: 0.000022 0.000024 0.000030 -0.000019 -0.000004 -0.000010 1.000000
epoch: 741 pose: 0.000026 0.000019 -0.000008 -0.000021 0.000017 0.000023 1.000000
epoch: 742 pose: -0.000039 0.000007 0.000040 0.000027 -0.000025 0.000039 1.000000
epoch: 743 pose: -0.000003 0.000010 0.000032 -0.000044 -0.000009 -0.000037 1.000000
epoch: 744 pose: 0.000019 0.000042 -0.000006 -0.000052 0.000036 0.000059 1.000000
epoch: 745 pose: 0.000005 -0.000023 0.000038 -0.000039 -0.000052 -0.000034 1.000000
epoch: 746 pose: 0.000010 -0.000042 0.000026 -0.000032 -0.000006 0.000034 1.000000
epoch: 747 pose: 0.000034 -0.000022 -0.000017 0.000009 -0.000009 0.000030 1.000000
epoch: 748 pose: 0.000010 0.000044 -0.000005 -0.000044 0.000017 -0.000053 1.000000
epoch: 749 pose: -0.000040 0.000015 -0.000025 -0.000000 0.000045 0.000051 1.000000
epoch: 750 pose: -0.000016 0.000006 -0.000004 -0.000010 0.000034 0.000000 1.000000
epoch: 751 pose: -0.000025 -0.000046 -0.000035 0.000021 0.000004 -0.000042 1.000000
epoch: 752 pose: -0.000028 -0.000003 -0.000004 0.000057 -0.000038 -0.000017 1.000000
epoch: 753 pose: 0.000018 -0.000002 -0.000021 0.000019 0.000009 -0.000054 1.000000
epoch: 754 pose: -0.000013 0.000031 0.000039 -0.000038 0.000003 0.000021 1.000000
epoch: 755 pose: 0.000010 -0.000051 0.000037 -0.000029 0.000010 -0.000032 1.000000
epoch: 756 pose: 0.000059 -0.000019 -0.000006 -0.000013 0.000002 0.000043 1.000000
epoch: 757 pose: 0.000013 0.000040 0.000037 0.000016 -0.000006 -0.000022 1.000000
epoch: 758 pose: 0.000010 -0.000006 0.000027 0.000019 0.000020 0.000023 1.000000
epoch: 759 pose: 0.000025 -0.000009 -0.000034 0.000001 0.000048 0.000052 1.000000
epoch: 760 pose: -0.000006 -0.000067 -0.000044 0.000005 0.000014 -0.000045 1.000000
epoch: 761 pose: 0.000013 -0.000040 0.000006 -0.000021 0.000019 0.000047 1.000000
epoch: 762 pose: 0.000053 -0.000018 -0.000002 0.000005 0.000032 -0.000047 1.000000
epoch: 763 pose: 0.000014 -0.000001 -0.000024 0.000008 -0.000013 -0.000027 1.000000
epoch: 764 pose: 0.000024 0.000033 -0.000028 -0.000008 0.000023 0.000022 1.000000
epoch: 765 pose: -0.000032 -0.000021 -0.000050 0.000060 -0.000035 0.000031 1.000000
epoch: 766 pose: 0.000046 -0.000028 -0.000058 -0.000013 0.000024 0.000046 1.000000
epoch: 767 pose: 0.000051 0.000008 -0.000002 0.000032 -0.000025 -0.000012 1.000000
epoch: 768 pose: -0.000017 -0.000045 0.000009 -0.000010 0.000013 0.000000 1.000000
epoch: 769 pose: -0.000003 0.000048 -0.000054 -0.000022 -0.000024 -0.000028 1.000000
epoch: 770 pose: -0.000030 0.000004 0.000010 -0.000023 -0.000009 0.000041 1.000000
epoch: 771 pose: 0.000020 0.000020 0.000003 0.000004 -0.000002 -0.000052 1.000000
epoch: 772 pose: 0.000009 -0.000042 0.000018 -0.000030 -0.000027 -0.000013 1.000000
epoch: 773 pose: -0.000033 -0.000019 0.000041 -0.000048 -0.000018 0.000015 1.000000
epoch: 774 pose: 0.000001 0.000009 -0.000039 0.000051 -0.000044 0.000036 1.000000
epoch: 775 pose: 0.000024 0.000022 -0.000020 0.000050 -0.000019 -0.000032 1.000000
epoch: 776 pose: 0.000008 0.000040 -0.000008 -0.000024 0.000002 -0.000037 1.000000
epoch: 777 pose: 0.000005 -0.000006 -0.000019 0.000045 -0.000026 0.000023 1.000000
epoch: 778 pose: 0.000018 -0.000025 -0.000040 -0.000047 0.000044 -0.000017 1.000000
epoch: 779 pose: 0.000027 0.000033 0.000023 -0.000046 0.000017 0.000034 1.000000
epoch: 780 pose: -0.000026 0.000032 -0.000030 0.000035 -0.000002 0.000037 1.000000
epoch: 781 pose: -0.000007 0.000044 -0.000024 0.000018 0.000026 -0.000012 1.000000
epoch: 782 pose: 0.000022 -0.000023 -0.000056 0.000038 -0.000040 -0.000013 1.000000
epoch: 783 pose: 0.000017 0.000015 -0.000047 -0.000016 -0.000010 0.000045 1.000000
epoch: 784 pose: 0.000024 0.000003 0.000017 -0.000043 -0.000034 -0.000019 1.000000
epoch: 785 pose: 0.000003 -0.000036 0.000021 0.000042 -0.000026 -0.000039 1.000000
epoch: 786 pose: 0.000041 -0.000020 -0.000040 -0.000001 -0.000051 -0.000006 1.000000
epoch: 787 pose: 0.000050 0.000026 -0.000052 -0.000046 -0.000027 0.000015 1.000000
epoch: 788 pose: -0.000001 -0.000021 -0.000043 0.000036 0.000030 -0.000012 1.000000
epoch: 789 pose: 0.000040 -0.000013 -0.000040 0.000034 -0.000010 0.000009 1.000000
epoch: 790 pose: -0.000011 0.000016 -0.000009 -0.000012 0.000032 -0.000041 1.000000
epoch: 791 pose: -0.000001 -0.000028 0.000027 0.000022 0.000001 -0.000001 1.000000
epoch: 792 pose: -0.000024 -0.000034 0.000002 -0.000042 0.000018 -0.000035 1.000000
epoch: 793 pose: 0.000020 -0.000023 -0.000014 -0.000020 0.000028 0.000036 1.000000
epoch: 794 pose: -0.000032 -0.000046 0.000005 0.000024 0.000042 -0.000043 1.000000
epoch: 795 pose: 0.000039 -0.000031 -0.000075 -0.000005 0.000032 0.000014 1.000000
epoch: 796 pose: 0.000059 -0.000033 0.000009 -0.000017 0.000004 0.000011 1.000000
epoch: 797 pose: 0.000039 -0.000056 0.000009 -0.000047 -0.000021 -0.000030 1.000000
epoch: 798 pose: 0.000030 0.000036 -0.000055 0.000009 -0.000024 -0.000015 1.000000
epoch: 799 pose: 0.000032 0.000039 0.000018 0.000036 0.000024 -0.000051 1.000000
epoch: 800 pose: 0.000033 -0.000058 -0.000012 0.000016 -0.000044 0.000027 1.000000
epoch: 801 pose: 0.000017 -0.000055 0.000002 -0.000028 0.000046 -0.000040 1.000000
epoch: 802 pose: 0.000052 0.000006 0.000041 -0.000021 0.000015 -0.000034 1.000000
epoch: 803 pose: 0.000048 -0.000027 -0.000024 0.000020 -0.000058 0.000023 1.000000
epoch: 804 pose: -0.000011 -0.000009 -0.000038 -0.000032 0.000047 0.000014 1.000000
epoch: 805 pose: -0.000041 -0.000008 -0.000028 0.000049 0.000030 0.000053 1.000000
epoch: 806 pose: 0.000041 -0.000001 -0.000023 -0.000030 -0.000013 0.000041 1.000000
epoch: 807 pose: -0.000001 -0.000002 0.000023 0.000005 -0.000020 0.000027 1.000000
epoch: 808 pose: 0.000016 -0.000023 -0.000036 -0.000006 0.000018 -0.000016 1.000000
epoch: 809 pose: 0.000055 0.000038 -0.000065 -0.000004 -0.000012 0.000043 1.000000
epoch: 810 pose: -0.000005 -0.000042 0.000018 0.000051 0.000035 -0.000014 1.000000
epoch: 811 pose: 0.000043 0.000016 0.000012 -0.000000 0.000044 0.000008 1.000000
epoch: 812 pose: -0.000002 -0.000014 0.000015 -0.000040 0.000020 -0.000009 1.000000
epoch: 813 pose: 0.000023 -0.000014 0.000013 0.000054 0.000001 0.000005 1.000000
epoch: 814 pose: 0.000044 0.000023 0.000030 -0.000033 0.000038 0.000016 1.000000
epoch: 815 pose: 0.000012 -0.000061 0.000024 0.000030 0.000016 -0.000004 1.000000
epoch: 816 pose: 0.000042 -0.000080 -0.000063 -0.000043 -0.000021 -0.000021 1.000000
epoch: 817 pose: 0.000022 -0.000039 -0.000023 0.000005 0.000006 -0.000025 1.000000
epoch: 818 pose: 0.000025 -0.000053 0.000013 -0.000035 0.000033 -0.000017 1.000000
epoch: 819 pose: 0.000005 -0.000010 -0.000043 0.000013 0.000012 -0.000023 1.000000
epoch: 820 pose: -0.000065 -0.000034 -0.000008 0.000016 0.000033 0.000020 1.000000
epoch: 821 pose: -0.000008 -0.000057 0.000003 0.000050 0.000005 -0.000022 1.000000
epoch: 822 pose: -0.000021 -0.000028 -0.000035 0.000005 -0.000036 -0.000015 1.000000
epoch: 823 pose: 0.000053 -0.000022 -0.000064 0.000031 0.000014 0.000045 1.000000
epoch: 824 pose: -0.000011 -0.000041 -0.000020 0.000021 -0.000021 -0.000017 1.000000
epoch: 825 pose: -0.000032 -0.000003 -0.000027 0.000021 -0.000051 0.000035 1.000000
epoch: 826 pose: -0.000001 -0.000015 0.000021 -0.000026 0.000062 0.000020 1.000000
epoch: 827 pose: -0.000005 -0.000061 0.000021 -0.000005 -0.000051 -0.000021 1.000000
epoch: 828 pose: 0.000026 -0.000040 -0.000017 -0.000003 0.000033 -0.000036 1.000000
epoch: 829 pose: -0.000036 -0.000005 0.000028 0.000043 0.000003 0.000005 1.000000
epoch: 830 pose: -0.000001 0.000011 0.000001 -0.000045 -0.000008 -0.000022 1.000000
epoch: 831 pose: 0.000000 0.000015 0.000027 0.000020 -0.000013 0.000036 1.000000
epoch: 832 pose: 0.000020 -0.000036 -0.000020 0.000026 -0.000037 -0.000015 1.000000
epoch: 833 pose: -0.000002 -0.000025 -0.000023 0.000034 0.000031 -0.000023 1.000000
epoch: 834 pose: -0.000008 -0.000070 -0.000045 0.000058 0.000004 0.000005 1.000000
epoch: 835 pose: 0.000022 0.000001 0.000049 0.000001 -0.000029 -0.000009 1.000000
epoch: 836 pose: -0.000033 -0.000028 0.000000 0.000010 0.000014 0.000008 1.000000
epoch: 837 pose: -0.000016 -0.000019 0.000030 -0.000016 -0.000030 0.000032 1.000000
epoch: 838 pose: 0.000008 0.000016 0.000047 -0.000043 -0.000017 -0.000044 1.000000
epoch: 839 pose: 0.000036 -0.000053 -0.000056 0.000015 0.000022 0.000003 1.000000
epoch: 840 pose: 0.000051 0.000004 -0.000037 0.000004 -0.000016 0.000028 1.000000
epoch: 841 pose: 0.000017 -0.000091 0.000032 0.000030 -0.000043 0.000007 1.000000
epoch: 842 pose: -0.000008 -0.000074 -0.000005 0.000034 0.000013 0.000008 1.000000
epoch: 843 pose: -0.000024 -0.000012 -0.000045 0.000025 -0.000047 0.000017 1.000000
epoch: 844 pose: 0.000024 -0.000050 -0.000012 -0.000048 -0.000013 0.000006 1.000000
epoch: 845 pose: 0.000009 -0.000029 0.000047 0.000050 0.000025 0.000017 1.000000
epoch: 846 pose: 0.000025 0.000006 -0.000026 -0.000031 0.000034 0.000007 1.000000
epoch: 847 pose: 0.000002 0.000018 -0.000030 0.000024 -0.000026 -0.000007 1.000000
epoch: 848 pose: -0.000023 0.000009 0.000010 0.000021 -0.000024 -0.000027 1.000000
epoch: 849 pose: -0.000067 -0.000011 -0.000025 0.000020 -0.000044 -0.000067 1.000000
epoch: 850 pose: -0.000015 0.000028 0.000009 0.000032 -0.000028 0.000012 1.000000
epoch: 851 pose: -0.000003 -0.000055 0.000068 -0.000009 -0.000002 0.000041 1.000000
epoch: 852 pose: -0.000018 -0.000018 0.000090 -0.000026 -0.000003 0.000058 1.000000
epoch: 853 pose: 0.000034 -0.000037 0.000009 -0.000039 -0.000006 -0.000023 1.000000
epoch: 854 pose: 0.000033 -0.000024 -0.000017 -0.000014 0.000051 0.000021 1.000000
epoch: 855 pose: -0.000021 -0.000020 0.000019 0.000006 0.000019 -0.000033 1.000000
epoch: 856 pose: -0.000058 -0.000011 0.000005 -0.000002 -0.000028 -0.000048 1.000000
epoch: 857 pose: 0.000009 -0.000059 0.000042 -0.000037 -0.000024 -0.000005 1.000000
epoch: 858 pose: 0.000038 -0.000073 0.000054 0.000048 0.000031 -0.000039 1.000000
epoch: 859 pose: 0.000013 -0.000043 0.000044 -0.000049 -0.000000 0.000043 1.000000
epoch: 860 pose: 0.000022 0.000027 0.000018 -0.000032 0.000017 -0.000017 1.000000
epoch: 861 pose: 0.000006 -0.000086 0.000046 0.000008 -0.000062 0.000045 1.000000
epoch: 862 pose: -0.000020 0.000001 0.000025 0.000002 -0.000037 -0.000013 1.000000
epoch: 863 pose: -0.000029 -0.000069 -0.000010 -0.000012 0.000062 0.000023 1.000000
epoch: 864 pose: -0.000010 -0.000001 -0.000012 -0.000058 -0.000005 0.000035 1.000000
epoch: 865 pose: -0.000067 -0.000012 0.000066 -0.000005 -0.000042 -0.000045 1.000000
epoch: 866 pose: -0.000007 -0.000059 0.000010 0.000021 0.000048 -0.000053 1.000000
epoch: 867 pose: 0.000020 -0.000052 0.000062 0.000014 0.000025 0.000021 1.000000
epoch: 868 pose: -0.000006 -0.000010 0.000022 0.000032 -0.000036 -0.000045 1.000000
epoch: 869 pose: -0.000039 -0.000046 0.000064 0.000046 0.000005 -0.000050 1.000000
epoch: 870 pose: -0.000008 -0.000025 -0.000008 -0.000031 0.000036 -0.000024 1.000000
epoch: 871 pose: 0.000004 -0.000033 -0.000001 -0.000059 -0.000001 -0.000003 1.000000
epoch: 872 pose: -0.000049 -0.000001 0.000000 0.000011 -0.000009 0.000006 1.000000
epoch: 873 pose: -0.000017 -0.000051 -0.000032 -0.000021 0.000046 -0.000019 1.000000
epoch: 874 pose: -0.000022 -0.000047 0.000009 0.000009 0.000036 0.000034 1.000000
epoch: 875 pose: -0.000054 -0.000064 -0.000003 -0.000058 -0.000005 0.000026 1.000000
epoch: 876 pose: -0.000023 -0.000079 0.000041 0.000023 0.000004 0.000006 1.000000
epoch: 877 pose: -0.000057 -0.000045 -0.000037 0.000026 0.000014 -0.000012 1.000000
epoch: 878 pose: 0.000033 -0.000015 -0.000029 0.000001 0.000026 0.000006 1.000000
epoch: 879 pose: -0.000040 -0.000066 0.000051 0.000019 -0.000005 0.000056 1.000000
epoch: 880 pose: -0.000028 0.000002 0.000030 0.000063 0.000002 -0.000015 1.000000
epoch: 881 pose: -0.000011 -0.000018 0.000009 -0.000056 0.000003 -0.000021 1.000000
epoch: 882 pose: -0.000026 -0.000021 0.000014 0.000025 0.000001 0.000046 1.000000
epoch: 883 pose: 0.000021 -0.000032 0.000063 0.000010 -0.000008 -0.000026 1.000000
epoch: 884 pose: 0.000001 -0.000018 -0.000016 0.000018 -0.000019 0.000032 1.000000
epoch: 885 pose: 0.000032 0.000010 0.000051 0.000032 0.000001 0.000020 1.000000
epoch: 886 pose: 0.000016 -0.000043 0.000055 0.000016 0.000030 0.000037 1.000000
epoch: 887 pose: 0.000032 -0.000064 0.000011 0.000052 -0.000001 -0.000032 1.000000
epoch: 888 pose: -0.000010 0.000006 0.000015 0.000007 -0.000004 0.000023 1.000000
epoch: 889 pose: 0.000017 0.000011 0.000035 -0.000010 0.000065 -0.000038 1.000000
epoch: 890 pose: 0.000011 -0.000002 0.000049 0.000034 0.000023 0.000033 1.000000
epoch: 891 pose: -0.000013 -0.000040 0.000053 0.000032 0.000002 -0.000030 1.000000
epoch: 892 pose: 0.000015 -0.000072 0.000050 -0.000021 -0.000040 0.000016 1.000000
epoch: 893 pose: -0.000014 -0.000048 -0.000022 -0.000033 -0.000020 0.000055 1.000000
epoch: 894 pose: 0.000007 -0.000023 0.000005 -0.000022 -0.000012 -0.000002 1.000000
epoch: 895 pose: -0.000009 -0.000036 0.000003 -0.000067 0.000004 -0.000022 1.000000
epoch: 896 pose: 0.000031 -0.000040 -0.000008 0.000004 -0.000047 -0.000041 1.000000
epoch: 897 pose: 0.000018 -0.000088 0.000063 0.000005 0.000003 0.000058 1.000000
epoch: 898 pose: 0.000034 -0.000015 0.000058 0.000023 0.000038 0.000041 1.000000
epoch: 899 pose: -0.000013 -0.000005 0.000068 0.000016 0.000044 0.000008 1.000000
epoch: 900 pose: -0.000043 0.000007 -0.000016 -0.000026 0.000041 -0.000044 1.000000
epoch: 901 pose: -0.000044 -0.000060 0.000009 -0.000015 -0.000033 0.000051 1.000000
epoch: 902 pose: -0.000023 -0.000038 0.000049 0.000045 0.000016 0.000044 1.000000
epoch: 903 pose: 0.000022 -0.000049 0.000056 0.000013 -0.000043 0.000010 1.000000
epoch: 904 pose: -0.000015 -0.000037 0.000068 0.000019 0.000021 0.000002 1.000000
epoch: 905 pose: -0.000035 -0.000052 0.000041 -0.000016 0.000019 0.000031 1.000000
epoch: 906 pose: -0.000047 0.000026 0.000018 0.000041 -0.000016 0.000001 1.000000
epoch: 907 pose: -0.000052 0.000010 0.000044 -0.000013 0.000038 0.000021 1.000000
epoch: 908 pose: -0.000047 -0.000057 0.000029 -0.000033 -0.000014 0.000021 1.000000
epoch: 909 pose: -0.000049 0.000000 0.000011 0.000000 -0.000034 -0.000032 1.000000
epoch: 910 pose: 0.000032 -0.000048 0.000023 0.000015 0.000040 0.000013 1.000000
epoch: 911 pose: -0.000003 -0.000047 -0.000003 -0.000054 -0.000005 -0.000025 1.000000
epoch: 912 pose: -0.000055 0.000018 0.000054 -0.000015 -0.000040 -0.000025 1.000000
epoch: 913 pose: -0.000045 -0.000063 0.000034 0.000007 0.000019 0.000005 1.000000
epoch: 914 pose: -0.000060 -0.000001 -0.000010 0.000046 0.000007 0.000025 1.000000
epoch: 915 pose: -0.000016 -0.000010 0.000008 -0.000015 0.000012 0.000031 1.000000
epoch: 916 pose: -0.000007 0.000017 0.000018 0.000001 0.000002 0.000001 1.000000
epoch: 917 pose: -0.000049 -0.000053 -0.000035 -0.000005 0.000024 0.000048 1.000000
epoch: 918 pose: -0.000042 -0.000001 0.000003 -0.000043 0.000001 0.000043 1.000000
epoch: 919 pose: 0.000003 -0.000032 -0.000021 0.000024 0.000028 -0.000015 1.000000
epoch: 920 pose: -0.000011 -0.000057 0.000046 0.000043 0.000006 -0.000021 1.000000
epoch: 921 pose: 0.000024 0.000009 -0.000000 -0.000033 0.000003 -0.000004 1.000000
epoch: 922 pose: -0.000017 0.000007 0.000014 -0.000019 -0.000008 -0.000009 1.000000
epoch: 923 pose: -0.000060 -0.000048 -0.000017 -0.000009 0.000014 -0.000037 1.000000
epoch: 924 pose: 0.000021 -0.000028 0.000015 -0.000025 0.000013 -0.000029 1.000000
epoch: 925 pose: -0.000026 0.000004 -0.000010 0.000003 0.000016 -0.000053 1.000000
epoch: 926 pose: -0.000040 -0.000052 -0.000019 0.000061 -0.000006 0.000042 1.000000
epoch: 927 pose: 0.000008 -0.000081 0.000041 0.000028 0.000002 0.000026 1.000000
epoch: 928 pose: -0.000069 -0.000031 0.000049 0.000031 -0.000036 0.000003 1.000000
epoch: 929 pose: -0.000016 0.000001 -0.000004 0.000006 -0.000010 -0.000002 1.000000
epoch: 930 pose: -0.000037 0.000004 -0.000017 0.000018 0.000007 -0.000046 1.000000
epoch: 931 pose: -0.000032 0.000021 0.000030 -0.000001 -0.000047 -0.000050 1.000000
epoch: 932 pose: -0.000031 -0.000014 0.000029 -0.000029 -0.000037 0.000036 1.000000
epoch: 933 pose: -0.000014 0.000036 0.000003 -0.000044 -0.000011 -0.000009 1.000000
epoch: 934 pose: -0.000053 0.000019 -0.000006 -0.000003 0.000047 0.000001 1.000000
epoch: 935 pose: -0.000072 0.000001 0.000015 -0.000061 0.000010 -0.000041 1.000000
epoch: 936 pose: -0.000021 -0.000052 0.000036 -0.000004 0.000039 0.000036 1.000000
epoch: 937 pose: 0.000030 0.000005 -0.000007 -0.000022 -0.000017 -0.000006 1.000000
epoch: 938 pose: 0.000010 -0.000022 0.000039 0.000023 0.000022 -0.000001 1.000000
epoch: 939 pose: -0.000008 -0.000009 0.000032 -0.000016 0.000003 -0.000051 1.000000
epoch: 940 pose: -0.000021 -0.000037 -0.000036 -0.000006 -0.000010 -0.000012 1.000000
epoch: 941 pose: -0.000073 0.000026 -0.000026 0.000049 -0.000011 -0.000011 1.000000
epoch: 942 pose: -0.000028 0.000000 0.000040 0.000062 -0.000008 -0.000003 1.000000
epoch: 943 pose: -0.000019 0.000056 -0.000020 -0.000026 0.000019 -0.000017 1.000000
epoch: 944 pose: -0.000021 -0.000008 -0.000021 -0.000047 0.000018 0.000014 1.000000
epoch: 945 pose: -0.000028 -0.000023 -0.000026 0.000008 0.000030 0.000026 1.000000
epoch: 946 pose: -0.000063 0.000042 0.000064 -0.000044 0.000029 0.000022 1.000000
epoch: 947 pose: -0.000032 -0.000054 0.000023 -0.000003 -0.000012 0.000009 1.000000
epoch: 948 pose: -0.000060 0.000031 0.000010 0.000009 0.000052 0.000039 1.000000
epoch: 949 pose: 0.000012 0.000029 -0.000021 -0.000017 -0.000060 0.000025 1.000000
epoch: 950 pose: -0.000008 -0.000002 0.000028 0.000041 -0.000011 0.000033 1.000000
epoch: 951 pose: -0.000060 -0.000006 -0.000020 -0.000006 0.000005 0.000018 1.000000
epoch: 952 pose: -0.000077 -0.000001 0.000038 0.000007 0.000023 -0.000017 1.000000
epoch: 953 pose: -0.000015 -0.000039 -0.000021 -0.000014 0.000018 -0.000001 1.000000
epoch: 954 pose: 0.000004 -0.000013 -0.000005 -0.000028 0.000012 -0.000033 1.000000
epoch: 955 pose: -0.000001 0.000038 -0.000003 0.000007 0.000031 0.000001 1.000000
epoch: 956 pose: -0.000036 -0.000034 0.000053 -0.000004 0.000018 -0.000009 1.000000
epoch: 957 pose: -0.000040 0.000039 0.000012 0.000005 -0.000057 -0.000016 1.000000
epoch: 958 pose: -0.000085 0.000000 0.000014 -0.000017 -0.000019 -0.000007 1.000000
epoch: 959 pose: -0.000047 0.000067 0.000013 -0.000026 0.000012 -0.000012 1.000000
epoch: 960 pose: -0.000052 -0.000014 -0.000034 -0.000021 -0.000040 -0.000046 1.000000
epoch: 961 pose: -0.000013 -0.000024 0.000007 0.000054 -0.000022 0.000034 1.000000
epoch: 962 pose: -0.000054 0.000023 0.000028 0.000009 0.000025 -0.000004 1.000000
epoch: 963 pose: -0.000034 -0.000006 0.000031 -0.000007 0.000015 0.000003 1.000000
epoch: 964 pose: -0.000037 -0.000047 0.000008 -0.000039 0.000012 -0.000024 1.000000
epoch: 965 pose: -0.000002 -0.000027 -0.000013 -0.000030 0.000018 0.000053 1.000000
epoch: 966 pose: -0.000028 0.000042 0.000052 0.000032 -0.000041 0.000057 1.000000
epoch: 967 pose: -0.000008 0.000040 -0.000002 0.000002 -0.000011 -0.000003 1.000000
epoch: 968 pose: -0.000062 0.000041 0.000020 0.000022 0.000020 0.000004 1.000000
epoch: 969 pose: -0.000031 0.000012 0.000022 0.000040 0.000026 -0.000005 1.000000
epoch: 970 pose: -0.000064 0.000017 -0.000010 -0.000054 -0.000003 0.000010 1.000000
epoch: 971 pose: -0.000058 -0.000015 0.000035 0.000033 0.000023 0.000065 1.000000
epoch: 972 pose: 0.000016 0.000037 -0.000013 0.000036 0.000010 -0.000016 1.000000
epoch: 973 pose: -0.000035 0.000047 -0.000004 0.000029 0.000010 0.000019 1.000000
epoch: 974 pose: -0.000062 0.000010 -0.000013 0.000025 0.000036 0.000036 1.000000
epoch: 975 pose: -0.000072 -0.000002 -0.000025 0.000034 -0.000031 0.000006 1.000000
epoch: 976 pose: -0.000024 -0.000023 0.000057 -0.000019 -0.000042 -0.000006 1.000000
epoch: 977 pose: -0.000026 0.000060 0.000035 -0.000012 -0.000050 -0.000012 1.000000
epoch: 978 pose: 0.000019 -0.000001 -0.000001 0.000001 0.000039 0.000032 1.000000
epoch: 979 pose: -0.000048 0.000003 0.000042 0.000043 -0.000014 0.000038 1.000000
epoch: 980 pose: -0.000055 -0.000005 -0.000007 0.000016 -0.000004 -0.000014 1.000000
epoch: 981 pose: -0.000007 -0.000029 0.000061 -0.000003 0.000035 -0.000006 1.000000
epoch: 982 pose: -0.000002 0.000005 0.000023 0.000016 0.000024 0.000010 1.000000
epoch: 983 pose: 0.000012 0.000008 0.000076 0.000037 0.000020 0.000004 1.000000
epoch: 984 pose: -0.000024 -0.000022 -0.000004 0.000001 0.000008 -0.000000 1.000000
epoch: 985 pose: -0.000004 0.000019 0.000031 0.000017 -0.000038 -0.000032 1.000000
epoch: 986 pose: -0.000015 0.000007 0.000058 0.000050 -0.000036 0.000026 1.000000
epoch: 987 pose: -0.000047 -0.000012 -0.000014 0.000006 -0.000035 0.000005 1.000000
epoch: 988 pose: -0.000006 -0.000016 0.000031 -0.000003 0.000010 0.000037 1.000000
epoch: 989 pose: -0.000060 -0.000018 0.000062 -0.000045 0.000001 0.000023 1.000000
epoch: 990 pose: -0.000002 0.000053 0.000032 -0.000016 -0.000024 -0.000014 1.000000
epoch: 991 pose: -0.000028 -0.000010 0.000006 -0.000005 0.000031 0.000019 1.000000
epoch: 992 pose: -0.000035 -0.000030 0.000004 -0.000034 0.000035 0.000018 1.000000
epoch: 993 pose: 0.000015 0.000049 -0.000024 0.000018 0.000023 -0.000041 1.000000
epoch: 994 pose: -0.000009 -0.000028 -0.000015 0.000025 0.000038 -0.000030 1.000000
epoch: 995 pose: -0.000041 0.000024 0.000028 0.000034 -0.000023 0.000022 1.000000
epoch: 996 pose: 0.000001 0.000037 0.000047 -0.000035 -0.000035 -0.000049 1.000000
epoch: 997 pose: 0.000018 -0.000002 0.000004 -0.000009 0.000045 -0.000025 1.000000
epoch: 998 pose: 0.000029 -0.000004 0.000025 0.000038 0.000017 0.000018 1.000000
epoch: 999 pose: -0.000038 -0.000029 -0.000010 -0.000044 0.000023 0.000022 1.000000
