epoch: 0 pose: 0.000484 0.000009 0.000008 -0.000044 -0.000049 0.000245 1.000000
epoch: 1 pose: 0.001487 -0.000003 -0.000019 -0.000134 -0.000125 0.000296 1.000000
epoch: 2 pose: 0.002991 -0.000003 -0.000009 -0.000192 -0.000212 0.001199 0.999999
epoch: 3 pose: 0.004994 -0.000000 -0.000011 -0.000235 -0.000284 0.002922 0.999996
epoch: 4 pose: 0.007498 0.000014 -0.000015 -0.000308 -0.000378 0.003748 0.999993
epoch: 5 pose: 0.010490 0.000037 -0.000006 -0.000415 -0.000435 0.005152 0.999987
epoch: 6 pose: 0.013999 0.000072 -0.000008 -0.000523 -0.000498 0.006205 0.999980
epoch: 7 pose: 0.017995 0.000125 0.000003 -0.000610 -0.000578 0.006359 0.999979
epoch: 8 pose: 0.022495 0.000181 0.000010 -0.000700 -0.000615 0.007244 0.999973
epoch: 9 pose: 0.027495 0.000253 0.000013 -0.000838 -0.000655 0.007945 0.999968
epoch: 10 pose: 0.032996 0.000340 0.000021 -0.000962 -0.000691 0.008490 0.999963
epoch: 11 pose: 0.038993 0.000441 0.000029 -0.001111 -0.000720 0.009322 0.999956
epoch: 12 pose: 0.045497 0.000563 0.000034 -0.001242 -0.000758 0.009224 0.999956
epoch: 13 pose: 0.052494 0.000692 0.000043 -0.001364 -0.000841 0.009497 0.999954
epoch: 14 pose: 0.059990 0.000834 0.000060 -0.001487 -0.000948 0.010713 0.999941
epoch: 15 pose: 0.067993 0.001007 0.000075 -0.001605 -0.001063 0.012598 0.999919
epoch: 16 pose: 0.076492 0.001220 0.000094 -0.001739 -0.001138 0.014038 0.999899
epoch: 17 pose: 0.085491 0.001473 0.000110 -0.001857 -0.001203 0.015718 0.999874
epoch: 18 pose: 0.094986 0.001773 0.000137 -0.001954 -0.001309 0.017466 0.999845
epoch: 19 pose: 0.104981 0.002124 0.000163 -0.002040 -0.001457 0.018241 0.999830
epoch: 20 pose: 0.115474 0.002508 0.000190 -0.002078 -0.001579 0.019119 0.999814
epoch: 21 pose: 0.126466 0.002929 0.000225 -0.002124 -0.001653 0.019254 0.999811
epoch: 22 pose: 0.137957 0.003370 0.000264 -0.002216 -0.001712 0.019459 0.999807
epoch: 23 pose: 0.149950 0.003837 0.000309 -0.002349 -0.001796 0.019842 0.999799
epoch: 24 pose: 0.162434 0.004334 0.000346 -0.002455 -0.001853 0.020886 0.999777
epoch: 25 pose: 0.175422 0.004877 0.000398 -0.002536 -0.001930 0.021419 0.999766
epoch: 26 pose: 0.188912 0.005455 0.000446 -0.002608 -0.001994 0.021245 0.999769
epoch: 27 pose: 0.202897 0.006051 0.000502 -0.002645 -0.002076 0.021574 0.999762
epoch: 28 pose: 0.217387 0.006678 0.000557 -0.002684 -0.002204 0.022563 0.999739
epoch: 29 pose: 0.232368 0.007354 0.000621 -0.002774 -0.002320 0.024414 0.999695
epoch: 30 pose: 0.247853 0.008109 0.000693 -0.002913 -0.002428 0.026607 0.999639
epoch: 31 pose: 0.263830 0.008960 0.000766 -0.003043 -0.002584 0.029141 0.999567
epoch: 32 pose: 0.280304 0.009922 0.000848 -0.003151 -0.002785 0.031344 0.999500
epoch: 33 pose: 0.297267 0.010986 0.000942 -0.003284 -0.003022 0.033718 0.999421
epoch: 34 pose: 0.314729 0.012164 0.001045 -0.003384 -0.003217 0.035769 0.999349
epoch: 35 pose: 0.332682 0.013451 0.001155 -0.003470 -0.003394 0.038102 0.999262
epoch: 36 pose: 0.351130 0.014859 0.001278 -0.003513 -0.003597 0.040001 0.999187
epoch: 37 pose: 0.370070 0.016378 0.001409 -0.003600 -0.003841 0.042080 0.999100
epoch: 38 pose: 0.389498 0.018018 0.001551 -0.003658 -0.004075 0.044384 0.999000
epoch: 39 pose: 0.409417 0.019790 0.001708 -0.003701 -0.004301 0.046117 0.998920
epoch: 40 pose: 0.429835 0.021683 0.001879 -0.003741 -0.004513 0.048459 0.998808
epoch: 41 pose: 0.450734 0.023713 0.002051 -0.003808 -0.004754 0.051411 0.998659
epoch: 42 pose: 0.472118 0.025920 0.002247 -0.003841 -0.004951 0.055083 0.998462
epoch: 43 pose: 0.493984 0.028342 0.002463 -0.003892 -0.005188 0.057763 0.998309
epoch: 44 pose: 0.516334 0.030936 0.002680 -0.003918 -0.005374 0.061284 0.998098
epoch: 45 pose: 0.539155 0.033749 0.002919 -0.003979 -0.005549 0.064975 0.997864
epoch: 46 pose: 0.562459 0.036796 0.003163 -0.004014 -0.005715 0.069322 0.997570
epoch: 47 pose: 0.586220 0.040114 0.003424 -0.004095 -0.005872 0.074526 0.997193
epoch: 48 pose: 0.610446 0.043759 0.003698 -0.004158 -0.006039 0.079748 0.996788
epoch: 49 pose: 0.635123 0.047730 0.003975 -0.004232 -0.006259 0.084176 0.996422
epoch: 50 pose: 0.660256 0.052010 0.004276 -0.004310 -0.006468 0.089038 0.995998
epoch: 51 pose: 0.685838 0.056623 0.004599 -0.004414 -0.006644 0.094720 0.995472
epoch: 52 pose: 0.711859 0.061622 0.004921 -0.004563 -0.006799 0.101018 0.994851
epoch: 53 pose: 0.738296 0.067058 0.005261 -0.004675 -0.006898 0.108209 0.994093
epoch: 54 pose: 0.765159 0.072974 0.005615 -0.004748 -0.006960 0.116229 0.993187
epoch: 55 pose: 0.792407 0.079441 0.005985 -0.004787 -0.006971 0.124337 0.992204
epoch: 56 pose: 0.820018 0.086473 0.006334 -0.004824 -0.006960 0.131609 0.991266
epoch: 57 pose: 0.848016 0.094044 0.006705 -0.004886 -0.006916 0.139201 0.990228
epoch: 58 pose: 0.876370 0.102178 0.007065 -0.004967 -0.006877 0.145900 0.989263
epoch: 59 pose: 0.905090 0.110840 0.007432 -0.005021 -0.006807 0.151744 0.988384
epoch: 60 pose: 0.934175 0.119990 0.007786 -0.005039 -0.006749 0.157885 0.987422
epoch: 61 pose: 0.963628 0.129658 0.008150 -0.005050 -0.006677 0.163959 0.986432
epoch: 62 pose: 0.993435 0.139851 0.008517 -0.005062 -0.006583 0.169418 0.985509
epoch: 63 pose: 1.023594 0.150540 0.008879 -0.005092 -0.006476 0.174189 0.984678
epoch: 64 pose: 1.054123 0.161694 0.009239 -0.005156 -0.006348 0.179821 0.983665
epoch: 65 pose: 1.084983 0.173372 0.009589 -0.005258 -0.006212 0.186215 0.982475
epoch: 66 pose: 1.116155 0.185632 0.009935 -0.005333 -0.006111 0.192888 0.981187
epoch: 67 pose: 1.147621 0.198507 0.010277 -0.005375 -0.006013 0.199531 0.979858
epoch: 68 pose: 1.179372 0.211998 0.010607 -0.005418 -0.005907 0.205209 0.978685
epoch: 69 pose: 1.211421 0.226061 0.010935 -0.005459 -0.005806 0.211510 0.977343
epoch: 70 pose: 1.243742 0.240738 0.011255 -0.005483 -0.005729 0.217100 0.976117
epoch: 71 pose: 1.276347 0.256003 0.011569 -0.005541 -0.005622 0.223202 0.974740
epoch: 72 pose: 1.309206 0.271888 0.011878 -0.005575 -0.005526 0.229313 0.973321
epoch: 73 pose: 1.342312 0.288408 0.012184 -0.005568 -0.005410 0.234882 0.971993
epoch: 74 pose: 1.375678 0.305537 0.012484 -0.005619 -0.005262 0.241267 0.970428
epoch: 75 pose: 1.409255 0.323328 0.012772 -0.005610 -0.005145 0.247686 0.968810
epoch: 76 pose: 1.443029 0.341804 0.013039 -0.005571 -0.004988 0.254306 0.967095
epoch: 77 pose: 1.476983 0.360988 0.013305 -0.005526 -0.004828 0.259969 0.965589
epoch: 78 pose: 1.511143 0.380821 0.013563 -0.005516 -0.004721 0.265929 0.963965
epoch: 79 pose: 1.545484 0.401331 0.013806 -0.005549 -0.004623 0.271038 0.962542
epoch: 80 pose: 1.580030 0.422464 0.014046 -0.005536 -0.004549 0.275808 0.961186
epoch: 81 pose: 1.614792 0.444202 0.014277 -0.005470 -0.004473 0.279936 0.959993
epoch: 82 pose: 1.649793 0.466513 0.014507 -0.005368 -0.004425 0.284061 0.958781
epoch: 83 pose: 1.685009 0.489390 0.014736 -0.005272 -0.004431 0.287484 0.957761
epoch: 84 pose: 1.720484 0.512797 0.014966 -0.005159 -0.004481 0.289991 0.957005
epoch: 85 pose: 1.756248 0.536664 0.015207 -0.005038 -0.004575 0.291701 0.956485
epoch: 86 pose: 1.792343 0.560939 0.015462 -0.004892 -0.004607 0.294112 0.955747
epoch: 87 pose: 1.828730 0.585677 0.015724 -0.004740 -0.004635 0.296431 0.955031
epoch: 88 pose: 1.865409 0.610874 0.015994 -0.004584 -0.004656 0.298766 0.954304
epoch: 89 pose: 1.902373 0.636538 0.016266 -0.004452 -0.004680 0.300312 0.953819
epoch: 90 pose: 1.939663 0.662604 0.016553 -0.004337 -0.004719 0.301396 0.953477
epoch: 91 pose: 1.977304 0.689044 0.016849 -0.004210 -0.004757 0.302813 0.953029
epoch: 92 pose: 2.015272 0.715883 0.017146 -0.004050 -0.004812 0.304813 0.952391
epoch: 93 pose: 2.053538 0.743174 0.017459 -0.003914 -0.004872 0.307468 0.951538
epoch: 94 pose: 2.092052 0.770969 0.017784 -0.003803 -0.004884 0.310961 0.950402
epoch: 95 pose: 2.130764 0.799339 0.018120 -0.003691 -0.004910 0.313576 0.949543
epoch: 96 pose: 2.169725 0.828223 0.018456 -0.003566 -0.004952 0.315290 0.948976
epoch: 97 pose: 2.208977 0.857544 0.018804 -0.003465 -0.004957 0.317099 0.948373
epoch: 98 pose: 2.248518 0.887317 0.019164 -0.003326 -0.004956 0.318147 0.948023
epoch: 99 pose: 2.288394 0.917480 0.019522 -0.003209 -0.004937 0.319546 0.947553
epoch: 100 pose: 2.328184 0.947760 0.019886 -0.003077 -0.004970 0.320245 0.947317
epoch: 101 pose: 2.367920 0.978096 0.020262 -0.002931 -0.004984 0.321087 0.947032
epoch: 102 pose: 2.407609 1.008507 0.020641 -0.002795 -0.005010 0.322473 0.946561
epoch: 103 pose: 2.447206 1.039032 0.021025 -0.002693 -0.005028 0.323426 0.946236
epoch: 104 pose: 2.486744 1.069637 0.021414 -0.002621 -0.005100 0.323921 0.946067
epoch: 105 pose: 2.526250 1.100282 0.021814 -0.002507 -0.005149 0.324738 0.945787
epoch: 106 pose: 2.565703 1.130998 0.022215 -0.002421 -0.005255 0.324663 0.945812
epoch: 107 pose: 2.605156 1.161704 0.022634 -0.002383 -0.005375 0.325431 0.945547
epoch: 108 pose: 2.644566 1.192478 0.023067 -0.002331 -0.005506 0.326068 0.945327
epoch: 109 pose: 2.683928 1.223303 0.023507 -0.002263 -0.005615 0.326027 0.945341
epoch: 110 pose: 2.723299 1.254127 0.023964 -0.002192 -0.005761 0.325311 0.945587
epoch: 111 pose: 2.762711 1.284888 0.024440 -0.002135 -0.005873 0.325089 0.945663
epoch: 112 pose: 2.802136 1.315632 0.024928 -0.002105 -0.006025 0.324237 0.945954
epoch: 113 pose: 2.841620 1.346303 0.025433 -0.002041 -0.006171 0.324064 0.946013
epoch: 114 pose: 2.881116 1.376961 0.025944 -0.002017 -0.006330 0.324790 0.945763
epoch: 115 pose: 2.920560 1.407680 0.026478 -0.001999 -0.006499 0.325586 0.945488
epoch: 116 pose: 2.959956 1.438465 0.027026 -0.002023 -0.006688 0.326629 0.945127
epoch: 117 pose: 2.999285 1.469339 0.027592 -0.002079 -0.006892 0.326957 0.945012
epoch: 118 pose: 3.038589 1.500235 0.028179 -0.002163 -0.007152 0.327217 0.944920
epoch: 119 pose: 3.077876 1.531155 0.028780 -0.002254 -0.007389 0.326848 0.945045
epoch: 120 pose: 3.117184 1.562043 0.029410 -0.002319 -0.007657 0.326134 0.945290
epoch: 121 pose: 3.156543 1.592874 0.030058 -0.002360 -0.007905 0.324801 0.945746
epoch: 122 pose: 3.195989 1.623596 0.030728 -0.002404 -0.008131 0.323297 0.946260
epoch: 123 pose: 3.235532 1.654191 0.031417 -0.002440 -0.008340 0.322422 0.946556
epoch: 124 pose: 3.275130 1.684713 0.032131 -0.002475 -0.008526 0.321147 0.946988
epoch: 125 pose: 3.314807 1.715127 0.032855 -0.002500 -0.008745 0.320283 0.947278
epoch: 126 pose: 3.354543 1.745469 0.033604 -0.002552 -0.009007 0.318775 0.947784
epoch: 127 pose: 3.394375 1.775686 0.034376 -0.002582 -0.009281 0.317538 0.948197
epoch: 128 pose: 3.434283 1.805796 0.035174 -0.002581 -0.009559 0.316712 0.948470
epoch: 129 pose: 3.474244 1.835839 0.035999 -0.002612 -0.009813 0.315849 0.948755
epoch: 130 pose: 3.514260 1.865807 0.036849 -0.002649 -0.010074 0.315215 0.948963
epoch: 131 pose: 3.554310 1.895722 0.037719 -0.002646 -0.010357 0.314135 0.949318
epoch: 132 pose: 3.594432 1.925548 0.038623 -0.002620 -0.010603 0.313991 0.949363
epoch: 133 pose: 3.634561 1.955359 0.039546 -0.002607 -0.010863 0.314018 0.949351
epoch: 134 pose: 3.674687 1.985173 0.040498 -0.002635 -0.011091 0.313716 0.949448
epoch: 135 pose: 3.714833 2.014962 0.041466 -0.002665 -0.011323 0.313346 0.949568
epoch: 136 pose: 3.755005 2.044719 0.042458 -0.002730 -0.011561 0.313298 0.949581
epoch: 137 pose: 3.795172 2.074471 0.043466 -0.002813 -0.011828 0.314151 0.949295
epoch: 138 pose: 3.835287 2.104296 0.044506 -0.002830 -0.012125 0.314667 0.949121
epoch: 139 pose: 3.875373 2.134164 0.045564 -0.002813 -0.012436 0.314507 0.949170
epoch: 140 pose: 3.915465 2.164019 0.046659 -0.002837 -0.012733 0.314503 0.949167
epoch: 141 pose: 3.955556 2.193874 0.047777 -0.002839 -0.013017 0.315028 0.948989
epoch: 142 pose: 3.995614 2.223773 0.048925 -0.002880 -0.013320 0.315545 0.948813
epoch: 143 pose: 4.035641 2.253716 0.050100 -0.002982 -0.013608 0.316820 0.948383
epoch: 144 pose: 4.075584 2.283766 0.051295 -0.003094 -0.013845 0.318761 0.947729
epoch: 145 pose: 4.115401 2.313980 0.052508 -0.003154 -0.014074 0.320365 0.947184
epoch: 146 pose: 4.155117 2.344329 0.053739 -0.003232 -0.014292 0.322639 0.946409
epoch: 147 pose: 4.194692 2.374871 0.054988 -0.003349 -0.014483 0.324105 0.945904
epoch: 148 pose: 4.234163 2.405531 0.056252 -0.003508 -0.014648 0.324825 0.945654
epoch: 149 pose: 4.273591 2.436252 0.057523 -0.003678 -0.014804 0.325384 0.945459
epoch: 150 pose: 4.312984 2.467022 0.058801 -0.003843 -0.014929 0.325309 0.945482
epoch: 151 pose: 4.352378 2.497783 0.060091 -0.004053 -0.015053 0.325568 0.945390
epoch: 152 pose: 4.391756 2.528568 0.061383 -0.004218 -0.015148 0.325110 0.945546
epoch: 153 pose: 4.431162 2.559314 0.062678 -0.004412 -0.015218 0.325423 0.945436
epoch: 154 pose: 4.470547 2.590090 0.063973 -0.004632 -0.015300 0.326438 0.945083
epoch: 155 pose: 4.509869 2.620949 0.065269 -0.004875 -0.015404 0.327075 0.944860
epoch: 156 pose: 4.549152 2.651861 0.066561 -0.005142 -0.015474 0.328484 0.944369
epoch: 157 pose: 4.588338 2.682889 0.067852 -0.005451 -0.015503 0.330576 0.943636
epoch: 158 pose: 4.627384 2.714092 0.069138 -0.005762 -0.015575 0.333232 0.942699
epoch: 159 pose: 4.666255 2.745513 0.070412 -0.006067 -0.015653 0.335773 0.941793
epoch: 160 pose: 4.704959 2.777146 0.071684 -0.006340 -0.015671 0.337869 0.941041
epoch: 161 pose: 4.743520 2.808951 0.072946 -0.006651 -0.015733 0.340699 0.940017
epoch: 162 pose: 4.781882 2.840984 0.074201 -0.006923 -0.015827 0.343695 0.938922
epoch: 163 pose: 4.820046 2.873266 0.075448 -0.007152 -0.015913 0.346402 0.937924
epoch: 164 pose: 4.858026 2.905768 0.076696 -0.007370 -0.015959 0.349591 0.936738
epoch: 165 pose: 4.895775 2.938524 0.077940 -0.007574 -0.015963 0.352118 0.935789
epoch: 166 pose: 4.933350 2.971490 0.079165 -0.007747 -0.015951 0.355544 0.934491
epoch: 167 pose: 4.970682 3.004723 0.080380 -0.007906 -0.015895 0.359765 0.932874
epoch: 168 pose: 5.007721 3.038303 0.081579 -0.008045 -0.015852 0.364839 0.930901
epoch: 169 pose: 5.044380 3.072276 0.082764 -0.008182 -0.015792 0.369727 0.928970
epoch: 170 pose: 5.080687 3.106635 0.083929 -0.008276 -0.015703 0.374426 0.927087
epoch: 171 pose: 5.116644 3.141361 0.085070 -0.008402 -0.015601 0.379183 0.925152
epoch: 172 pose: 5.152241 3.176449 0.086197 -0.008563 -0.015512 0.384085 0.923128
epoch: 173 pose: 5.187470 3.211918 0.087297 -0.008684 -0.015430 0.388136 0.921432
epoch: 174 pose: 5.222376 3.247695 0.088380 -0.008842 -0.015386 0.392753 0.919473
epoch: 175 pose: 5.256939 3.283828 0.089460 -0.008990 -0.015289 0.397810 0.917296
epoch: 176 pose: 5.291097 3.320341 0.090512 -0.009097 -0.015146 0.402234 0.915366
epoch: 177 pose: 5.324893 3.357174 0.091535 -0.009183 -0.014954 0.407410 0.913077
epoch: 178 pose: 5.358276 3.394390 0.092538 -0.009220 -0.014753 0.411820 0.911099
epoch: 179 pose: 5.391301 3.431930 0.093497 -0.009212 -0.014575 0.416720 0.908871
epoch: 180 pose: 5.423909 3.469809 0.094440 -0.009203 -0.014451 0.421425 0.906701
epoch: 181 pose: 5.456131 3.508037 0.095356 -0.009158 -0.014346 0.425436 0.904828
epoch: 182 pose: 5.488013 3.546550 0.096266 -0.009140 -0.014259 0.429658 0.902833
epoch: 183 pose: 5.519532 3.585355 0.097155 -0.009067 -0.014198 0.433004 0.901234
epoch: 184 pose: 5.550762 3.624390 0.098043 -0.008944 -0.014151 0.435843 0.899867
epoch: 185 pose: 5.581748 3.663625 0.098926 -0.008778 -0.014142 0.437957 0.898842
epoch: 186 pose: 5.612545 3.703001 0.099817 -0.008616 -0.014169 0.440885 0.897410
epoch: 187 pose: 5.643087 3.742580 0.100709 -0.008435 -0.014231 0.444160 0.895795
epoch: 188 pose: 5.673337 3.782378 0.101612 -0.008266 -0.014261 0.446864 0.894450
epoch: 189 pose: 5.703349 3.822360 0.102519 -0.008099 -0.014266 0.449067 0.893347
epoch: 190 pose: 5.733158 3.862484 0.103428 -0.007919 -0.014321 0.450818 0.892466
epoch: 191 pose: 5.762812 3.902730 0.104354 -0.007731 -0.014345 0.452616 0.891557
epoch: 192 pose: 5.792305 3.943097 0.105280 -0.007544 -0.014306 0.455215 0.890235
epoch: 193 pose: 5.821566 3.983635 0.106211 -0.007359 -0.014253 0.457114 0.889264
epoch: 194 pose: 5.850649 4.024293 0.107140 -0.007174 -0.014197 0.458742 0.888427
epoch: 195 pose: 5.879586 4.065062 0.108075 -0.006954 -0.014157 0.460242 0.887653
epoch: 196 pose: 5.908380 4.105921 0.109009 -0.006712 -0.014094 0.461738 0.886879
epoch: 197 pose: 5.937045 4.146881 0.109946 -0.006431 -0.014049 0.463299 0.886067
epoch: 198 pose: 5.965559 4.187940 0.110891 -0.006159 -0.013994 0.464816 0.885275
epoch: 199 pose: 5.993937 4.229097 0.111843 -0.005853 -0.013963 0.465935 0.884689
epoch: 200 pose: 6.022205 4.270324 0.112802 -0.005510 -0.013915 0.466774 0.884250
epoch: 201 pose: 6.050399 4.311614 0.113780 -0.005178 -0.013914 0.466863 0.884205
epoch: 202 pose: 6.078584 4.352902 0.114769 -0.004800 -0.013946 0.466102 0.884608
epoch: 203 pose: 6.106838 4.394138 0.115777 -0.004424 -0.013966 0.465788 0.884775
epoch: 204 pose: 6.135121 4.435355 0.116807 -0.004004 -0.014018 0.465155 0.885109
epoch: 205 pose: 6.163465 4.476536 0.117857 -0.003638 -0.014066 0.464581 0.885411
epoch: 206 pose: 6.191863 4.517671 0.118942 -0.003266 -0.014111 0.463370 0.886047
epoch: 207 pose: 6.220368 4.558731 0.120040 -0.002840 -0.014149 0.461800 0.886867
epoch: 208 pose: 6.249026 4.599693 0.121160 -0.002438 -0.014156 0.460984 0.887292
epoch: 209 pose: 6.277755 4.640599 0.122302 -0.001980 -0.014147 0.459472 0.888077
epoch: 210 pose: 6.306623 4.681407 0.123472 -0.001537 -0.014163 0.458170 0.888750
epoch: 211 pose: 6.335614 4.722129 0.124661 -0.001092 -0.014179 0.457508 0.889092
epoch: 212 pose: 6.364664 4.762806 0.125869 -0.000624 -0.014223 0.457650 0.889019
epoch: 213 pose: 6.393699 4.803495 0.127106 -0.000146 -0.014242 0.457819 0.888931
epoch: 214 pose: 6.422719 4.844192 0.128363 0.000331 -0.014273 0.458116 0.888778
epoch: 215 pose: 6.451710 4.884906 0.129646 0.000841 -0.014298 0.458128 0.888771
epoch: 216 pose: 6.480701 4.925621 0.130961 0.001303 -0.014296 0.458884 0.888380
epoch: 217 pose: 6.509623 4.966386 0.132288 0.001749 -0.014260 0.459222 0.888205
epoch: 218 pose: 6.538516 5.007175 0.133632 0.002235 -0.014220 0.458799 0.888423
epoch: 219 pose: 6.567445 5.047933 0.135000 0.002739 -0.014182 0.458421 0.888618
epoch: 220 pose: 6.596410 5.088666 0.136383 0.003252 -0.014117 0.458659 0.888494
epoch: 221 pose: 6.625351 5.129411 0.137787 0.003772 -0.014076 0.458514 0.888568
epoch: 222 pose: 6.654310 5.170148 0.139214 0.004254 -0.014004 0.458131 0.888764
epoch: 223 pose: 6.683302 5.210859 0.140650 0.004716 -0.013927 0.456935 0.889379
epoch: 224 pose: 6.712400 5.251487 0.142101 0.005218 -0.013873 0.455597 0.890063
epoch: 225 pose: 6.741627 5.292034 0.143580 0.005675 -0.013795 0.454886 0.890425
epoch: 226 pose: 6.770916 5.332531 0.145062 0.006150 -0.013740 0.454643 0.890546
epoch: 227 pose: 6.800227 5.373012 0.146565 0.006618 -0.013671 0.454672 0.890530
epoch: 228 pose: 6.829535 5.413493 0.148079 0.007132 -0.013588 0.453912 0.890914
epoch: 229 pose: 6.858912 5.453919 0.149616 0.007702 -0.013524 0.453071 0.891338
epoch: 230 pose: 6.888368 5.494304 0.151178 0.008258 -0.013425 0.451550 0.892107
epoch: 231 pose: 6.917958 5.534571 0.152743 0.008807 -0.013356 0.449833 0.892969
epoch: 232 pose: 6.947704 5.574730 0.154329 0.009363 -0.013278 0.447846 0.893963
epoch: 233 pose: 6.977636 5.614756 0.155939 0.009958 -0.013151 0.444985 0.895386
epoch: 234 pose: 7.007815 5.654580 0.157556 0.010606 -0.012998 0.441461 0.897124
epoch: 235 pose: 7.038313 5.694187 0.159195 0.011243 -0.012815 0.437086 0.899258
epoch: 236 pose: 7.069184 5.733471 0.160841 0.011866 -0.012644 0.432228 0.901598
epoch: 237 pose: 7.100490 5.772428 0.162496 0.012503 -0.012419 0.428078 0.903570
epoch: 238 pose: 7.132145 5.811090 0.164151 0.013145 -0.012154 0.423569 0.905687
epoch: 239 pose: 7.164191 5.849443 0.165806 0.013800 -0.011860 0.418851 0.907873
epoch: 240 pose: 7.196634 5.887462 0.167459 0.014446 -0.011607 0.413679 0.910234
epoch: 241 pose: 7.229498 5.925083 0.169115 0.015075 -0.011373 0.408538 0.912546
epoch: 242 pose: 7.262790 5.962345 0.170762 0.015712 -0.011079 0.402574 0.915186
epoch: 243 pose: 7.296567 5.999175 0.172406 0.016283 -0.010779 0.397144 0.917548
epoch: 244 pose: 7.330784 6.035603 0.174041 0.016803 -0.010461 0.391288 0.920055
epoch: 245 pose: 7.365462 6.071578 0.175663 0.017313 -0.010168 0.384587 0.922870
epoch: 246 pose: 7.400652 6.107047 0.177263 0.017797 -0.009889 0.377809 0.925660
epoch: 247 pose: 7.436368 6.141999 0.178850 0.018277 -0.009617 0.370909 0.928440
epoch: 248 pose: 7.472602 6.176419 0.180416 0.018761 -0.009379 0.363519 0.931351
epoch: 249 pose: 7.509381 6.210262 0.181968 0.019238 -0.009124 0.356941 0.933884
epoch: 250 pose: 7.546628 6.243571 0.183507 0.019662 -0.008825 0.349533 0.936676
epoch: 251 pose: 7.584397 6.276294 0.185021 0.020075 -0.008555 0.342018 0.939440
epoch: 252 pose: 7.622689 6.308410 0.186511 0.020503 -0.008231 0.334285 0.942213
epoch: 253 pose: 7.661505 6.339883 0.187975 0.020954 -0.007842 0.326070 0.945081
epoch: 254 pose: 7.700875 6.370679 0.189385 0.021411 -0.007385 0.317030 0.948145
epoch: 255 pose: 7.740817 6.400722 0.190759 0.021923 -0.006937 0.307549 0.951254
epoch: 256 pose: 7.781358 6.429966 0.192096 0.022482 -0.006498 0.298465 0.954134
epoch: 257 pose: 7.822455 6.458433 0.193384 0.023032 -0.006017 0.288710 0.957121
epoch: 258 pose: 7.864119 6.486050 0.194626 0.023632 -0.005549 0.278451 0.960144
epoch: 259 pose: 7.906356 6.512771 0.195820 0.024196 -0.005044 0.267299 0.963297
epoch: 260 pose: 7.949206 6.538508 0.196952 0.024715 -0.004498 0.255173 0.966569
epoch: 261 pose: 7.992696 6.563161 0.198014 0.025212 -0.003987 0.242534 0.969807
epoch: 262 pose: 8.036814 6.586668 0.199018 0.025710 -0.003418 0.229219 0.973029
epoch: 263 pose: 8.081556 6.608964 0.199934 0.026154 -0.002813 0.215107 0.976236
epoch: 264 pose: 8.126926 6.629958 0.200774 0.026565 -0.002209 0.200450 0.979341
epoch: 265 pose: 8.172907 6.649581 0.201524 0.026946 -0.001626 0.185747 0.982227
epoch: 266 pose: 8.219454 6.667819 0.202188 0.027338 -0.001055 0.171149 0.984865
epoch: 267 pose: 8.266524 6.684673 0.202763 0.027701 -0.000449 0.156366 0.987311
epoch: 268 pose: 8.314083 6.700114 0.203244 0.028055 0.000184 0.141550 0.989533
epoch: 269 pose: 8.362078 6.714119 0.203611 0.028412 0.000854 0.126703 0.991533
epoch: 270 pose: 8.410468 6.726686 0.203890 0.028777 0.001470 0.111827 0.993310
epoch: 271 pose: 8.459221 6.737800 0.204070 0.029153 0.002054 0.096923 0.994863
epoch: 272 pose: 8.508286 6.747448 0.204145 0.029482 0.002639 0.082980 0.996112
epoch: 273 pose: 8.557598 6.755722 0.204131 0.029782 0.003244 0.069535 0.997130
epoch: 274 pose: 8.607113 6.762661 0.204010 0.030066 0.003831 0.055468 0.998000
epoch: 275 pose: 8.656794 6.768211 0.203801 0.030344 0.004414 0.041553 0.998666
epoch: 276 pose: 8.706619 6.772368 0.203489 0.030642 0.004935 0.028561 0.999110
epoch: 277 pose: 8.756533 6.775239 0.203089 0.030918 0.005437 0.016205 0.999376
epoch: 278 pose: 8.806500 6.776875 0.202598 0.031206 0.005889 0.004022 0.999488
epoch: 279 pose: 8.856485 6.777297 0.202021 0.031450 0.006373 -0.008120 0.999452
epoch: 280 pose: 8.906473 6.776503 0.201359 0.031675 0.006870 -0.020140 0.999272
epoch: 281 pose: 8.956428 6.774514 0.200601 0.031886 0.007353 -0.031605 0.998965
epoch: 282 pose: 9.006325 6.771379 0.199764 0.032091 0.007840 -0.042818 0.998537
epoch: 283 pose: 9.056140 6.767129 0.198844 0.032288 0.008369 -0.054030 0.997982
epoch: 284 pose: 9.105841 6.761766 0.197838 0.032454 0.008871 -0.064933 0.997322
epoch: 285 pose: 9.155407 6.755320 0.196739 0.032602 0.009424 -0.076490 0.996493
epoch: 286 pose: 9.204813 6.747726 0.195553 0.032790 0.009985 -0.088384 0.995497
epoch: 287 pose: 9.254022 6.738960 0.194265 0.033029 0.010548 -0.099565 0.994427
epoch: 288 pose: 9.303023 6.729093 0.192880 0.033299 0.011075 -0.109920 0.993321
epoch: 289 pose: 9.351805 6.718209 0.191419 0.033558 0.011593 -0.119764 0.992167
epoch: 290 pose: 9.400361 6.706361 0.189878 0.033855 0.012150 -0.129731 0.990897
epoch: 291 pose: 9.448663 6.693547 0.188236 0.034151 0.012652 -0.138771 0.989655
epoch: 292 pose: 9.496720 6.679855 0.186511 0.034422 0.013174 -0.147596 0.988361
epoch: 293 pose: 9.544524 6.665309 0.184708 0.034719 0.013655 -0.156362 0.986995
epoch: 294 pose: 9.592054 6.649926 0.182820 0.035006 0.014103 -0.164440 0.985665
epoch: 295 pose: 9.639326 6.633767 0.180854 0.035347 0.014561 -0.172222 0.984316
epoch: 296 pose: 9.686332 6.616875 0.178807 0.035647 0.015074 -0.180657 0.982784
epoch: 297 pose: 9.733041 6.599174 0.176691 0.035962 0.015575 -0.188158 0.981357
epoch: 298 pose: 9.779479 6.580766 0.174479 0.036255 0.016084 -0.195804 0.979841
epoch: 299 pose: 9.825617 6.561639 0.172196 0.036543 0.016597 -0.202482 0.978463
epoch: 300 pose: 9.871493 6.541890 0.169834 0.036897 0.017093 -0.208376 0.977203
epoch: 301 pose: 9.917120 6.521591 0.167391 0.037224 0.017582 -0.214912 0.975765
epoch: 302 pose: 9.962473 6.500685 0.164881 0.037550 0.018034 -0.220668 0.974459
epoch: 303 pose: 10.007571 6.479250 0.162291 0.037901 0.018480 -0.227248 0.972924
epoch: 304 pose: 10.052371 6.457209 0.159634 0.038252 0.018935 -0.233896 0.971324
epoch: 305 pose: 10.096862 6.434561 0.156900 0.038580 0.019417 -0.241018 0.969559
epoch: 306 pose: 10.141019 6.411267 0.154077 0.038843 0.019967 -0.249050 0.967505
epoch: 307 pose: 10.184778 6.387249 0.151177 0.039074 0.020477 -0.256588 0.965514
epoch: 308 pose: 10.228156 6.362552 0.148198 0.039257 0.021017 -0.264604 0.963328
epoch: 309 pose: 10.271114 6.337144 0.145135 0.039433 0.021613 -0.273371 0.960857
epoch: 310 pose: 10.313594 6.310960 0.141981 0.039632 0.022206 -0.281472 0.958494
epoch: 311 pose: 10.355619 6.284069 0.138737 0.039792 0.022809 -0.290486 0.955779
epoch: 312 pose: 10.397124 6.256405 0.135394 0.039956 0.023422 -0.299656 0.952922
epoch: 313 pose: 10.438092 6.227944 0.131961 0.040125 0.024030 -0.308535 0.950063
epoch: 314 pose: 10.478515 6.198725 0.128440 0.040272 0.024618 -0.317939 0.946936
epoch: 315 pose: 10.518346 6.168716 0.124833 0.040382 0.025192 -0.326803 0.943893
epoch: 316 pose: 10.557593 6.137973 0.121145 0.040466 0.025769 -0.335663 0.940760
epoch: 317 pose: 10.596255 6.106500 0.117359 0.040542 0.026346 -0.344147 0.937670
epoch: 318 pose: 10.634342 6.074339 0.113491 0.040567 0.026983 -0.353127 0.934306
epoch: 319 pose: 10.671798 6.041454 0.109541 0.040589 0.027567 -0.361152 0.931215
epoch: 320 pose: 10.708680 6.007937 0.105508 0.040625 0.028164 -0.368653 0.928252
epoch: 321 pose: 10.745009 5.973831 0.101396 0.040653 0.028711 -0.375265 0.925580
epoch: 322 pose: 10.780846 5.939213 0.097219 0.040673 0.029299 -0.381756 0.922903
epoch: 323 pose: 10.816188 5.904095 0.092960 0.040679 0.029899 -0.388905 0.919894
epoch: 324 pose: 10.850974 5.868444 0.088621 0.040664 0.030571 -0.396526 0.916613
epoch: 325 pose: 10.885157 5.832219 0.084205 0.040638 0.031181 -0.403789 0.913417
epoch: 326 pose: 10.918757 5.795462 0.079714 0.040556 0.031808 -0.411685 0.909867
epoch: 327 pose: 10.951707 5.758139 0.075148 0.040514 0.032409 -0.419079 0.906466
epoch: 328 pose: 10.984037 5.720280 0.070514 0.040470 0.033023 -0.426416 0.903018
epoch: 329 pose: 11.015745 5.681912 0.065807 0.040479 0.033642 -0.433140 0.899788
epoch: 330 pose: 11.046870 5.643077 0.061028 0.040503 0.034224 -0.439530 0.896662
epoch: 331 pose: 11.077436 5.603805 0.056180 0.040552 0.034777 -0.445071 0.893901
epoch: 332 pose: 11.107508 5.564159 0.051266 0.040628 0.035332 -0.449960 0.891424
epoch: 333 pose: 11.137135 5.524196 0.046292 0.040721 0.035883 -0.455284 0.888690
epoch: 334 pose: 11.166280 5.483881 0.041246 0.040766 0.036497 -0.461091 0.885665
epoch: 335 pose: 11.194884 5.443188 0.036146 0.040758 0.037117 -0.467373 0.882340
epoch: 336 pose: 11.222896 5.402102 0.030972 0.040791 0.037714 -0.473625 0.878973
epoch: 337 pose: 11.250326 5.360625 0.025731 0.040746 0.038337 -0.480559 0.875176
epoch: 338 pose: 11.277087 5.318732 0.020417 0.040758 0.038937 -0.487045 0.871556
epoch: 339 pose: 11.303211 5.276452 0.015033 0.040766 0.039511 -0.493190 0.868067
epoch: 340 pose: 11.328730 5.233800 0.009592 0.040733 0.040179 -0.500144 0.864050
epoch: 341 pose: 11.353558 5.190746 0.004084 0.040733 0.040810 -0.506926 0.860059
epoch: 342 pose: 11.377695 5.147313 -0.001493 0.040766 0.041454 -0.513862 0.855900
epoch: 343 pose: 11.401117 5.103499 -0.007133 0.040856 0.042076 -0.520173 0.852045
epoch: 344 pose: 11.423881 5.059347 -0.012841 0.041004 0.042689 -0.526304 0.848234
epoch: 345 pose: 11.446002 5.014877 -0.018619 0.041130 0.043256 -0.531856 0.844729
epoch: 346 pose: 11.467529 4.970129 -0.024463 0.041207 0.043805 -0.537674 0.841005
epoch: 347 pose: 11.488427 4.925092 -0.030365 0.041307 0.044298 -0.543334 0.837329
epoch: 348 pose: 11.508716 4.879777 -0.036320 0.041401 0.044744 -0.549360 0.833359
epoch: 349 pose: 11.528335 4.834177 -0.042314 0.041521 0.045163 -0.555178 0.829466
epoch: 350 pose: 11.547308 4.788316 -0.048368 0.041651 0.045592 -0.560805 0.825642
epoch: 351 pose: 11.565648 4.742207 -0.054470 0.041732 0.046069 -0.567222 0.821216
epoch: 352 pose: 11.583262 4.695815 -0.060625 0.041793 0.046541 -0.573126 0.817076
epoch: 353 pose: 11.600197 4.649185 -0.066828 0.041824 0.046985 -0.578975 0.812915
epoch: 354 pose: 11.616454 4.602309 -0.073063 0.041792 0.047423 -0.585101 0.808493
epoch: 355 pose: 11.631995 4.555201 -0.079337 0.041762 0.047827 -0.591352 0.803910
epoch: 356 pose: 11.646796 4.507860 -0.085648 0.041751 0.048233 -0.597606 0.799248
epoch: 357 pose: 11.660853 4.460306 -0.092008 0.041796 0.048598 -0.603561 0.794736
epoch: 358 pose: 11.674187 4.412545 -0.098398 0.041871 0.048940 -0.609112 0.790464
epoch: 359 pose: 11.686845 4.364600 -0.104815 0.041929 0.049267 -0.615112 0.785781
epoch: 360 pose: 11.698770 4.316471 -0.111271 0.042031 0.049578 -0.620485 0.781520
epoch: 361 pose: 11.710024 4.268187 -0.117752 0.042069 0.049890 -0.625907 0.777163
epoch: 362 pose: 11.720600 4.219751 -0.124261 0.042085 0.050169 -0.630717 0.773245
epoch: 363 pose: 11.730567 4.171190 -0.130787 0.042082 0.050470 -0.636258 0.768673
epoch: 364 pose: 11.739832 4.122494 -0.137350 0.042044 0.050833 -0.642372 0.763549
epoch: 365 pose: 11.748312 4.073653 -0.143931 0.042014 0.051204 -0.648646 0.758203
epoch: 366 pose: 11.755977 4.024689 -0.150544 0.041888 0.051625 -0.655584 0.752190
epoch: 367 pose: 11.762732 3.975597 -0.157180 0.041760 0.052017 -0.662340 0.746228
epoch: 368 pose: 11.768596 3.926391 -0.163833 0.041596 0.052483 -0.669573 0.739721
epoch: 369 pose: 11.773491 3.877092 -0.170506 0.041470 0.052937 -0.676851 0.733042
epoch: 370 pose: 11.777397 3.827695 -0.177188 0.041254 0.053418 -0.684598 0.725789
epoch: 371 pose: 11.780244 3.778221 -0.183886 0.040958 0.053926 -0.692603 0.718134
epoch: 372 pose: 11.781983 3.728712 -0.190598 0.040633 0.054421 -0.700641 0.710274
epoch: 373 pose: 11.782598 3.679179 -0.197312 0.040320 0.054858 -0.707929 0.702995
epoch: 374 pose: 11.782185 3.629630 -0.204031 0.040026 0.055278 -0.714750 0.696042
epoch: 375 pose: 11.780791 3.580107 -0.210733 0.039696 0.055679 -0.721600 0.688925
epoch: 376 pose: 11.778410 3.530618 -0.217436 0.039397 0.056015 -0.728040 0.682106
epoch: 377 pose: 11.775089 3.481173 -0.224121 0.039094 0.056376 -0.734999 0.674588
epoch: 378 pose: 11.770749 3.431809 -0.230799 0.038803 0.056669 -0.741264 0.667691
epoch: 379 pose: 11.765479 3.382525 -0.237458 0.038502 0.056901 -0.747193 0.661047
epoch: 380 pose: 11.759324 3.333345 -0.244099 0.038185 0.057112 -0.752532 0.654963
epoch: 381 pose: 11.752365 3.284275 -0.250719 0.037780 0.057351 -0.758266 0.648318
epoch: 382 pose: 11.744541 3.235336 -0.257311 0.037375 0.057605 -0.763985 0.641569
epoch: 383 pose: 11.735838 3.186533 -0.263860 0.036965 0.057790 -0.769494 0.634958
epoch: 384 pose: 11.726289 3.137883 -0.270376 0.036520 0.057966 -0.775398 0.627745
epoch: 385 pose: 11.715831 3.089421 -0.276846 0.036085 0.058164 -0.781434 0.620223
epoch: 386 pose: 11.704431 3.041164 -0.283267 0.035645 0.058398 -0.787255 0.612820
epoch: 387 pose: 11.692113 2.993122 -0.289644 0.035213 0.058614 -0.793080 0.605267
epoch: 388 pose: 11.678870 2.945323 -0.295985 0.034836 0.058829 -0.798846 0.597637
epoch: 389 pose: 11.664707 2.897788 -0.302285 0.034479 0.059020 -0.804549 0.589939
epoch: 390 pose: 11.649627 2.850524 -0.308542 0.034144 0.059202 -0.810007 0.582424
epoch: 391 pose: 11.633664 2.803552 -0.314756 0.033859 0.059378 -0.815012 0.575398
epoch: 392 pose: 11.616890 2.756859 -0.320940 0.033546 0.059524 -0.819964 0.568322
epoch: 393 pose: 11.599302 2.710468 -0.327065 0.033244 0.059732 -0.824836 0.561223
epoch: 394 pose: 11.580908 2.664371 -0.333159 0.033019 0.059913 -0.829210 0.554735
epoch: 395 pose: 11.561789 2.618569 -0.339220 0.032825 0.060042 -0.833268 0.548618
epoch: 396 pose: 11.541993 2.573051 -0.345248 0.032589 0.060197 -0.837360 0.542349
epoch: 397 pose: 11.521511 2.527828 -0.351238 0.032389 0.060278 -0.840902 0.536843
epoch: 398 pose: 11.500435 2.482876 -0.357199 0.032266 0.060378 -0.843912 0.532095
epoch: 399 pose: 11.478854 2.438167 -0.363135 0.032178 0.060472 -0.846849 0.527404
epoch: 400 pose: 11.456777 2.393700 -0.369054 0.032006 0.060603 -0.850136 0.522084
epoch: 401 pose: 11.434145 2.349517 -0.374952 0.031908 0.060690 -0.852999 0.517389
epoch: 402 pose: 11.411019 2.305579 -0.380815 0.031735 0.060778 -0.856320 0.511874
epoch: 403 pose: 11.387316 2.261944 -0.386632 0.031460 0.060912 -0.860102 0.505495
epoch: 404 pose: 11.362969 2.218657 -0.392427 0.031260 0.061032 -0.863549 0.499581
epoch: 405 pose: 11.338031 2.175708 -0.398179 0.031032 0.061176 -0.867306 0.493026
epoch: 406 pose: 11.312439 2.133140 -0.403881 0.030820 0.061350 -0.870999 0.486464
epoch: 407 pose: 11.286202 2.090952 -0.409537 0.030638 0.061496 -0.874507 0.480122
epoch: 408 pose: 11.259346 2.049155 -0.415170 0.030496 0.061627 -0.877873 0.473931
epoch: 409 pose: 11.231904 2.007736 -0.420767 0.030331 0.061747 -0.881335 0.467457
epoch: 410 pose: 11.203850 1.966728 -0.426319 0.030170 0.061887 -0.884649 0.461145
epoch: 411 pose: 11.175204 1.926121 -0.431835 0.029957 0.062047 -0.888135 0.454388
epoch: 412 pose: 11.145941 1.885948 -0.437322 0.029683 0.062209 -0.891588 0.447571
epoch: 413 pose: 11.116058 1.846227 -0.442754 0.029392 0.062361 -0.894793 0.441127
epoch: 414 pose: 11.085604 1.806939 -0.448135 0.029128 0.062540 -0.897851 0.434862
epoch: 415 pose: 11.054605 1.768082 -0.453466 0.028801 0.062762 -0.901041 0.428201
epoch: 416 pose: 11.023021 1.729681 -0.458745 0.028419 0.063037 -0.904518 0.420792
epoch: 417 pose: 10.990806 1.691800 -0.463960 0.028045 0.063276 -0.907815 0.413619
epoch: 418 pose: 10.957989 1.654425 -0.469116 0.027603 0.063513 -0.911159 0.406194
epoch: 419 pose: 10.924569 1.617590 -0.474220 0.027226 0.063698 -0.914227 0.399236
epoch: 420 pose: 10.890584 1.581266 -0.479256 0.026849 0.063921 -0.917373 0.391944
epoch: 421 pose: 10.856015 1.545482 -0.484223 0.026481 0.064082 -0.920310 0.384995
epoch: 422 pose: 10.820904 1.510215 -0.489117 0.026114 0.064255 -0.923035 0.378411
epoch: 423 pose: 10.785283 1.475451 -0.493959 0.025807 0.064399 -0.925451 0.372460
epoch: 424 pose: 10.749230 1.441157 -0.498749 0.025547 0.064560 -0.927721 0.366760
epoch: 425 pose: 10.712748 1.407296 -0.503487 0.025401 0.064666 -0.929612 0.361932
epoch: 426 pose: 10.675913 1.373814 -0.508188 0.025219 0.064773 -0.931408 0.357277
epoch: 427 pose: 10.638742 1.340702 -0.512854 0.025111 0.064880 -0.932879 0.353408
epoch: 428 pose: 10.601291 1.307894 -0.517485 0.025005 0.064995 -0.934024 0.350356
epoch: 429 pose: 10.563628 1.275332 -0.522100 0.024862 0.065101 -0.935093 0.347482
epoch: 430 pose: 10.525766 1.243003 -0.526690 0.024682 0.065235 -0.936192 0.344500
epoch: 431 pose: 10.487694 1.210910 -0.531246 0.024489 0.065355 -0.937200 0.341738
epoch: 432 pose: 10.449435 1.179043 -0.535776 0.024207 0.065524 -0.938536 0.338038
epoch: 433 pose: 10.410915 1.147473 -0.540262 0.024000 0.065666 -0.939779 0.334556
epoch: 434 pose: 10.372166 1.116189 -0.544711 0.023784 0.065781 -0.941019 0.331043
epoch: 435 pose: 10.333179 1.085193 -0.549128 0.023531 0.065905 -0.942323 0.327309
epoch: 436 pose: 10.293951 1.054504 -0.553502 0.023274 0.066045 -0.943637 0.323490
epoch: 437 pose: 10.254467 1.024130 -0.557835 0.023036 0.066167 -0.945115 0.319138
epoch: 438 pose: 10.214703 0.994116 -0.562120 0.022826 0.066273 -0.946688 0.314434
epoch: 439 pose: 10.174636 0.964494 -0.566360 0.022587 0.066348 -0.948334 0.309436
epoch: 440 pose: 10.134263 0.935299 -0.570557 0.022363 0.066419 -0.949852 0.304744
epoch: 441 pose: 10.093596 0.906499 -0.574708 0.022239 0.066452 -0.951125 0.300750
epoch: 442 pose: 10.052692 0.878048 -0.578824 0.022043 0.066485 -0.952540 0.296246
epoch: 443 pose: 10.011523 0.849979 -0.582894 0.021856 0.066544 -0.954091 0.291212
epoch: 444 pose: 9.970055 0.822340 -0.586915 0.021689 0.066644 -0.955570 0.286311
epoch: 445 pose: 9.928302 0.795129 -0.590899 0.021540 0.066706 -0.956807 0.282146
epoch: 446 pose: 9.886321 0.768283 -0.594850 0.021397 0.066723 -0.958052 0.277898
epoch: 447 pose: 9.844088 0.741801 -0.598752 0.021231 0.066748 -0.959339 0.273427
epoch: 448 pose: 9.801610 0.715714 -0.602622 0.021027 0.066760 -0.960706 0.268599
epoch: 449 pose: 9.758872 0.690051 -0.606441 0.020819 0.066710 -0.961987 0.264003
epoch: 450 pose: 9.715882 0.664791 -0.610202 0.020555 0.066696 -0.963464 0.258585
epoch: 451 pose: 9.672605 0.640011 -0.613899 0.020232 0.066650 -0.965163 0.252208
epoch: 452 pose: 9.629012 0.615803 -0.617534 0.019905 0.066592 -0.967009 0.245077
epoch: 453 pose: 9.585066 0.592241 -0.621095 0.019506 0.066583 -0.968983 0.237187
epoch: 454 pose: 9.540730 0.569389 -0.624565 0.019148 0.066573 -0.970731 0.229962
epoch: 455 pose: 9.496052 0.547191 -0.627956 0.018821 0.066494 -0.972218 0.223643
epoch: 456 pose: 9.451086 0.525571 -0.631277 0.018450 0.066376 -0.973687 0.217227
epoch: 457 pose: 9.405838 0.504543 -0.634522 0.018125 0.066266 -0.974944 0.211574
epoch: 458 pose: 9.360348 0.484034 -0.637692 0.017730 0.066144 -0.976284 0.205376
epoch: 459 pose: 9.314598 0.464101 -0.640777 0.017290 0.065972 -0.977638 0.198927
epoch: 460 pose: 9.268583 0.444771 -0.643788 0.016903 0.065774 -0.978778 0.193344
epoch: 461 pose: 9.222350 0.425959 -0.646712 0.016495 0.065562 -0.979932 0.187520
epoch: 462 pose: 9.175895 0.407694 -0.649558 0.016041 0.065335 -0.981126 0.181288
epoch: 463 pose: 9.129205 0.390014 -0.652321 0.015605 0.065072 -0.982216 0.175423
epoch: 464 pose: 9.082302 0.372885 -0.654997 0.015153 0.064780 -0.983379 0.168939
epoch: 465 pose: 9.035183 0.356370 -0.657572 0.014686 0.064471 -0.984572 0.162006
epoch: 466 pose: 8.987820 0.340513 -0.660072 0.014187 0.064141 -0.985769 0.154739
epoch: 467 pose: 8.940233 0.325350 -0.662461 0.013735 0.063834 -0.986814 0.148104
epoch: 468 pose: 8.892438 0.310823 -0.664767 0.013311 0.063552 -0.987679 0.142388
epoch: 469 pose: 8.844479 0.296843 -0.666983 0.012800 0.063296 -0.988623 0.135845
epoch: 470 pose: 8.796339 0.283493 -0.669103 0.012319 0.063024 -0.989519 0.129336
epoch: 471 pose: 8.748027 0.270778 -0.671144 0.011885 0.062728 -0.990263 0.123704
epoch: 472 pose: 8.699574 0.258603 -0.673092 0.011380 0.062383 -0.991042 0.117534
epoch: 473 pose: 8.650965 0.247021 -0.674952 0.010917 0.062059 -0.991757 0.111571
epoch: 474 pose: 8.602223 0.236026 -0.676728 0.010456 0.061693 -0.992479 0.105217
epoch: 475 pose: 8.553341 0.225647 -0.678411 0.010036 0.061350 -0.993078 0.099652
epoch: 476 pose: 8.504355 0.215800 -0.680019 0.009553 0.061013 -0.993689 0.093639
epoch: 477 pose: 8.455241 0.206556 -0.681536 0.009101 0.060638 -0.994196 0.088405
epoch: 478 pose: 8.406030 0.197821 -0.682973 0.008594 0.060257 -0.994735 0.082450
epoch: 479 pose: 8.356730 0.189669 -0.684336 0.008082 0.059873 -0.995264 0.076155
epoch: 480 pose: 8.307315 0.182137 -0.685584 0.007502 0.059477 -0.995811 0.069043
epoch: 481 pose: 8.257796 0.175307 -0.686746 0.006961 0.059114 -0.996305 0.061919
epoch: 482 pose: 8.208182 0.169178 -0.687814 0.006462 0.058788 -0.996739 0.054900
epoch: 483 pose: 8.158488 0.163744 -0.688779 0.005915 0.058476 -0.997133 0.047650
epoch: 484 pose: 8.108725 0.159025 -0.689666 0.005286 0.058119 -0.997510 0.039598
epoch: 485 pose: 8.058886 0.155111 -0.690414 0.004641 0.057781 -0.997817 0.031640
epoch: 486 pose: 8.008991 0.151974 -0.691062 0.004040 0.057473 -0.998048 0.024085
epoch: 487 pose: 7.959051 0.149596 -0.691599 0.003383 0.057173 -0.998237 0.015573
epoch: 488 pose: 7.909077 0.148060 -0.692030 0.002671 0.056887 -0.998354 0.006852
epoch: 489 pose: 7.859090 0.147393 -0.692327 0.001922 0.056603 -0.998391 -0.002773
epoch: 490 pose: 7.809092 0.147681 -0.692493 0.001135 0.056285 -0.998334 -0.012684
epoch: 491 pose: 7.759109 0.148954 -0.692529 0.000315 0.055924 -0.998169 -0.023060
epoch: 492 pose: 7.709154 0.151259 -0.692422 -0.000537 0.055569 -0.997872 -0.034118
epoch: 493 pose: 7.659274 0.154662 -0.692176 -0.001372 0.055162 -0.997438 -0.045523
epoch: 494 pose: 7.609475 0.159199 -0.691795 -0.002175 0.054765 -0.996868 -0.057004
epoch: 495 pose: 7.559797 0.164868 -0.691273 -0.002992 0.054373 -0.996200 -0.067976
epoch: 496 pose: 7.510258 0.171628 -0.690608 -0.003840 0.053930 -0.995408 -0.078989
epoch: 497 pose: 7.460891 0.179468 -0.689806 -0.004622 0.053467 -0.994578 -0.089071
epoch: 498 pose: 7.411703 0.188299 -0.688866 -0.005406 0.052970 -0.993557 -0.100048
epoch: 499 pose: 7.362710 0.198209 -0.687804 -0.006170 0.052511 -0.992453 -0.110642
epoch: 500 pose: 7.313937 0.209158 -0.686606 -0.006908 0.052093 -0.991347 -0.120291
epoch: 501 pose: 7.265393 0.221046 -0.685296 -0.007692 0.051674 -0.990124 -0.130094
epoch: 502 pose: 7.217098 0.233874 -0.683869 -0.008431 0.051233 -0.988937 -0.138954
epoch: 503 pose: 7.169034 0.247573 -0.682322 -0.009147 0.050755 -0.987778 -0.147087
epoch: 504 pose: 7.121212 0.262046 -0.680672 -0.009814 0.050301 -0.986613 -0.154816
epoch: 505 pose: 7.073621 0.277271 -0.678925 -0.010490 0.049835 -0.985482 -0.161962
epoch: 506 pose: 7.026249 0.293188 -0.677087 -0.011249 0.049369 -0.984139 -0.170021
epoch: 507 pose: 6.979156 0.309860 -0.675133 -0.011969 0.048858 -0.982801 -0.177683
epoch: 508 pose: 6.932330 0.327269 -0.673093 -0.012680 0.048311 -0.981473 -0.184976
epoch: 509 pose: 6.885764 0.345365 -0.670954 -0.013431 0.047709 -0.979947 -0.192995
epoch: 510 pose: 6.839497 0.364221 -0.668718 -0.014180 0.047086 -0.978298 -0.201285
epoch: 511 pose: 6.793571 0.383840 -0.666377 -0.014966 0.046456 -0.976562 -0.209629
epoch: 512 pose: 6.747989 0.404242 -0.663937 -0.015660 0.045877 -0.974949 -0.217080
epoch: 513 pose: 6.702722 0.425335 -0.661418 -0.016343 0.045239 -0.973223 -0.224775
epoch: 514 pose: 6.657804 0.447135 -0.658806 -0.017113 0.044562 -0.971250 -0.233226
epoch: 515 pose: 6.613270 0.469712 -0.656107 -0.017880 0.043863 -0.969083 -0.242147
epoch: 516 pose: 6.569165 0.493099 -0.653324 -0.018684 0.043181 -0.966760 -0.251320
epoch: 517 pose: 6.525518 0.517312 -0.650427 -0.019553 0.042505 -0.964156 -0.261177
epoch: 518 pose: 6.482376 0.542415 -0.647432 -0.020352 0.041858 -0.961502 -0.270827
epoch: 519 pose: 6.439756 0.568372 -0.644343 -0.021145 0.041159 -0.958549 -0.281146
epoch: 520 pose: 6.397702 0.595237 -0.641156 -0.021917 0.040433 -0.955665 -0.290841
epoch: 521 pose: 6.356213 0.622941 -0.637883 -0.022678 0.039762 -0.952961 -0.299617
epoch: 522 pose: 6.315241 0.651407 -0.634521 -0.023448 0.039100 -0.950406 -0.307651
epoch: 523 pose: 6.274759 0.680556 -0.631086 -0.024245 0.038444 -0.947904 -0.315296
epoch: 524 pose: 6.234762 0.710348 -0.627575 -0.024997 0.037738 -0.945501 -0.322458
epoch: 525 pose: 6.195212 0.740748 -0.624008 -0.025739 0.037068 -0.943034 -0.329621
epoch: 526 pose: 6.156145 0.771740 -0.620362 -0.026436 0.036411 -0.940633 -0.336430
epoch: 527 pose: 6.117533 0.803287 -0.616646 -0.027151 0.035761 -0.938379 -0.342679
epoch: 528 pose: 6.079354 0.835344 -0.612873 -0.027887 0.035103 -0.936276 -0.348392
epoch: 529 pose: 6.041573 0.867864 -0.609046 -0.028567 0.034446 -0.934278 -0.353725
epoch: 530 pose: 6.004168 0.900809 -0.605153 -0.029242 0.033757 -0.932057 -0.359550
epoch: 531 pose: 5.967177 0.934228 -0.601212 -0.029876 0.033052 -0.929689 -0.365640
epoch: 532 pose: 5.930639 0.968116 -0.597221 -0.030490 0.032351 -0.927259 -0.371773
epoch: 533 pose: 5.894553 1.002492 -0.593196 -0.031109 0.031687 -0.924831 -0.377778
epoch: 534 pose: 5.858918 1.037331 -0.589108 -0.031763 0.030990 -0.922350 -0.383799
epoch: 535 pose: 5.823752 1.072636 -0.584992 -0.032406 0.030310 -0.920170 -0.388997
epoch: 536 pose: 5.788988 1.108333 -0.580834 -0.033000 0.029666 -0.918130 -0.393787
epoch: 537 pose: 5.754610 1.144384 -0.576638 -0.033592 0.029017 -0.916343 -0.397925
epoch: 538 pose: 5.720553 1.180759 -0.572409 -0.034235 0.028335 -0.914160 -0.402910
epoch: 539 pose: 5.686906 1.217493 -0.568130 -0.034830 0.027684 -0.912313 -0.407070
epoch: 540 pose: 5.653598 1.254538 -0.563827 -0.035415 0.027095 -0.910624 -0.410823
epoch: 541 pose: 5.620600 1.291856 -0.559485 -0.035968 0.026529 -0.909087 -0.414203
epoch: 542 pose: 5.587884 1.329418 -0.555117 -0.036489 0.025917 -0.907423 -0.417828
epoch: 543 pose: 5.555476 1.367237 -0.550722 -0.037012 0.025360 -0.905868 -0.421177
epoch: 544 pose: 5.523353 1.405295 -0.546297 -0.037555 0.024832 -0.904665 -0.423739
epoch: 545 pose: 5.491448 1.443536 -0.541856 -0.038066 0.024306 -0.903294 -0.426638
epoch: 546 pose: 5.459794 1.481979 -0.537374 -0.038544 0.023760 -0.901518 -0.430367
epoch: 547 pose: 5.428466 1.520687 -0.532880 -0.039012 0.023170 -0.899702 -0.434139
epoch: 548 pose: 5.397468 1.559656 -0.528377 -0.039486 0.022587 -0.898083 -0.437467
epoch: 549 pose: 5.366759 1.598853 -0.523841 -0.039947 0.021967 -0.896404 -0.440887
epoch: 550 pose: 5.336362 1.638284 -0.519297 -0.040373 0.021335 -0.894909 -0.443906
epoch: 551 pose: 5.306232 1.677920 -0.514739 -0.040826 0.020716 -0.893288 -0.447147
epoch: 552 pose: 5.276393 1.717779 -0.510168 -0.041234 0.020108 -0.891540 -0.450612
epoch: 553 pose: 5.246866 1.757875 -0.505583 -0.041591 0.019491 -0.889864 -0.453908
epoch: 554 pose: 5.217644 1.798181 -0.500999 -0.041903 0.018919 -0.888382 -0.456797
epoch: 555 pose: 5.188684 1.838684 -0.496411 -0.042158 0.018373 -0.886908 -0.459651
epoch: 556 pose: 5.159988 1.879369 -0.491833 -0.042364 0.017816 -0.885390 -0.462572
epoch: 557 pose: 5.131565 1.920247 -0.487263 -0.042544 0.017232 -0.883609 -0.465969
epoch: 558 pose: 5.103458 1.961349 -0.482698 -0.042734 0.016625 -0.881922 -0.469160
epoch: 559 pose: 5.075652 2.002651 -0.478150 -0.042956 0.016014 -0.880116 -0.472541
epoch: 560 pose: 5.048169 2.044170 -0.473606 -0.043129 0.015403 -0.878062 -0.476351
epoch: 561 pose: 5.021046 2.085932 -0.469083 -0.043335 0.014776 -0.875930 -0.480260
epoch: 562 pose: 4.994300 2.127937 -0.464581 -0.043541 0.014170 -0.873579 -0.484524
epoch: 563 pose: 4.967966 2.170196 -0.460089 -0.043726 0.013530 -0.870998 -0.489150
epoch: 564 pose: 4.942083 2.212740 -0.455625 -0.043843 0.012948 -0.868866 -0.492932
epoch: 565 pose: 4.916574 2.255508 -0.451178 -0.043930 0.012349 -0.867071 -0.496091
epoch: 566 pose: 4.891376 2.298470 -0.446754 -0.044021 0.011807 -0.865607 -0.498645
epoch: 567 pose: 4.866436 2.341579 -0.442358 0.044111 -0.011247 0.864312 0.500892
epoch: 568 pose: 4.841722 2.384821 -0.437985 0.044186 -0.010703 0.862693 0.503680
epoch: 569 pose: 4.817286 2.428227 -0.433637 0.044307 -0.010160 0.860976 0.506610
epoch: 570 pose: 4.793148 2.471801 -0.429303 0.044442 -0.009661 0.859046 0.509874
epoch: 571 pose: 4.769345 2.515555 -0.424987 0.044533 -0.009169 0.857180 0.513006
epoch: 572 pose: 4.745857 2.559494 -0.420702 0.044585 -0.008672 0.855746 0.515398
epoch: 573 pose: 4.722623 2.603552 -0.416434 0.044609 -0.008238 0.854539 0.517403
epoch: 574 pose: 4.699591 2.647731 -0.412200 0.044614 -0.007828 0.853448 0.519206
epoch: 575 pose: 4.676745 2.692013 -0.407982 0.044615 -0.007446 0.852387 0.520951
epoch: 576 pose: 4.654089 2.736381 -0.403791 0.044573 -0.007109 0.851624 0.522206
epoch: 577 pose: 4.631556 2.780823 -0.399628 0.044555 -0.006724 0.850771 0.523602
epoch: 578 pose: 4.609172 2.825338 -0.395480 0.044534 -0.006358 0.850326 0.524330
epoch: 579 pose: 4.586863 2.869893 -0.391364 0.044552 -0.006021 0.850360 0.524278
epoch: 580 pose: 4.564547 2.914455 -0.387255 0.044586 -0.005680 0.849927 0.524980
epoch: 581 pose: 4.542307 2.959044 -0.383170 0.044618 -0.005373 0.849927 0.524980
epoch: 582 pose: 4.520068 3.003640 -0.379094 0.044651 -0.005149 0.850341 0.524310
epoch: 583 pose: 4.497758 3.048201 -0.375029 0.044685 -0.004966 0.850624 0.523848
epoch: 584 pose: 4.475398 3.092740 -0.370963 0.044729 -0.004800 0.851381 0.522614
epoch: 585 pose: 4.452911 3.137211 -0.366910 0.044744 -0.004615 0.851977 0.521644
epoch: 586 pose: 4.430323 3.181633 -0.362854 0.044750 -0.004333 0.852130 0.521396
epoch: 587 pose: 4.407706 3.226043 -0.358821 0.044734 -0.004022 0.852390 0.520974
epoch: 588 pose: 4.385047 3.270437 -0.354795 0.044699 -0.003711 0.852288 0.521146
epoch: 589 pose: 4.362407 3.314838 -0.350796 0.044652 -0.003433 0.852021 0.521589
epoch: 590 pose: 4.339813 3.359260 -0.346811 0.044620 -0.003114 0.851814 0.521932
epoch: 591 pose: 4.317256 3.403703 -0.342841 0.044595 -0.002812 0.851135 0.523042
epoch: 592 pose: 4.294812 3.448209 -0.338904 0.044615 -0.002463 0.850202 0.524557
epoch: 593 pose: 4.272526 3.492794 -0.334972 0.044666 -0.002090 0.849241 0.526108
epoch: 594 pose: 4.250403 3.537467 -0.331072 0.044734 -0.001806 0.848791 0.526829
epoch: 595 pose: 4.228355 3.582176 -0.327178 0.044784 -0.001574 0.848629 0.527087
epoch: 596 pose: 4.206341 3.626899 -0.323296 0.044841 -0.001361 0.848660 0.527033
epoch: 597 pose: 4.184316 3.671622 -0.319419 0.044933 -0.001165 0.848760 0.526864
epoch: 598 pose: 4.162277 3.716335 -0.315541 0.045029 -0.000970 0.848434 0.527382
epoch: 599 pose: 4.140293 3.761076 -0.311672 0.045135 -0.000796 0.848063 0.527969
epoch: 600 pose: 4.118374 3.805843 -0.307804 0.045272 -0.000578 0.847232 0.529290
epoch: 601 pose: 4.096593 3.850690 -0.303938 0.045412 -0.000368 0.846105 0.531079
epoch: 602 pose: 4.075004 3.895624 -0.300076 0.045562 -0.000188 0.844977 0.532858
epoch: 603 pose: 4.053605 3.940649 -0.296218 0.045749 -0.000055 0.844202 0.534070
epoch: 604 pose: 4.032338 3.985735 -0.292349 0.045926 -0.000011 0.843896 0.534538
epoch: 605 pose: 4.011122 4.030843 -0.288471 0.046079 -0.000003 0.843527 0.535107
epoch: 606 pose: 3.989968 4.075974 -0.284584 0.046288 -0.000029 0.843550 0.535053
epoch: 607 pose: 3.968809 4.121113 -0.280682 0.046488 -0.000006 0.843046 0.535828
epoch: 608 pose: 3.947739 4.166283 -0.276755 0.046639 0.000015 0.842306 0.536978
epoch: 609 pose: 3.926792 4.211511 -0.272832 0.046800 -0.000018 0.841636 0.538014
epoch: 610 pose: 3.905955 4.256792 -0.268895 0.046938 -0.000057 0.841331 0.538479
epoch: 611 pose: 3.885170 4.302097 -0.264943 0.047119 -0.000069 0.840637 0.539545
epoch: 612 pose: 3.864503 4.347452 -0.260975 0.047332 -0.000045 0.839827 0.540786
epoch: 613 pose: 3.843976 4.392867 -0.256999 0.047502 -0.000004 0.839008 0.542042
epoch: 614 pose: 3.823581 4.438350 -0.253013 0.047617 0.000011 0.838522 0.542783
epoch: 615 pose: 3.803271 4.483862 -0.249021 0.047755 -0.000008 0.837814 0.543862
epoch: 616 pose: 3.783078 4.529425 -0.245019 0.047875 0.000016 0.836899 0.545259
epoch: 617 pose: 3.763037 4.575055 -0.241012 0.048013 -0.000012 0.836433 0.545962
epoch: 618 pose: 3.743075 4.620726 -0.236989 0.048163 -0.000071 0.836201 0.546304
epoch: 619 pose: 3.723152 4.666407 -0.232958 0.048331 -0.000144 0.836366 0.546037
epoch: 620 pose: 3.703202 4.712071 -0.228910 0.048525 -0.000273 0.836750 0.545430
epoch: 621 pose: 3.683185 4.757712 -0.224841 0.048681 -0.000443 0.837452 0.544339
epoch: 622 pose: 3.663048 4.803299 -0.220740 0.048815 -0.000588 0.837800 0.543791
epoch: 623 pose: 3.642856 4.848855 -0.216619 0.048999 -0.000704 0.837732 0.543879
epoch: 624 pose: 3.622680 4.894410 -0.212472 0.049186 -0.000817 0.837226 0.544640
epoch: 625 pose: 3.602590 4.940001 -0.208307 0.049352 -0.000934 0.836285 0.546069
epoch: 626 pose: 3.582654 4.985667 -0.204128 0.049542 -0.001131 0.835781 0.546823
epoch: 627 pose: 3.562799 5.031365 -0.199924 0.049735 -0.001284 0.834931 0.548101
epoch: 628 pose: 3.543087 5.077116 -0.195701 0.049968 -0.001460 0.834094 0.549352
epoch: 629 pose: 3.523515 5.122932 -0.191455 0.050160 -0.001689 0.833797 0.549785
epoch: 630 pose: 3.503994 5.168762 -0.187185 0.050360 -0.001925 0.833026 0.550934
epoch: 631 pose: 3.484601 5.214647 -0.182881 0.050591 -0.002177 0.832606 0.551546
epoch: 632 pose: 3.465276 5.260561 -0.178537 0.050814 -0.002409 0.832148 0.552215
epoch: 633 pose: 3.446031 5.306496 -0.174181 0.051064 -0.002624 0.831698 0.552869
epoch: 634 pose: 3.426860 5.352464 -0.169785 0.051329 -0.002832 0.831563 0.553047
epoch: 635 pose: 3.407707 5.398441 -0.165362 0.051561 -0.003048 0.831135 0.553667
epoch: 636 pose: 3.388630 5.444444 -0.160910 0.051739 -0.003256 0.830490 0.554616
epoch: 637 pose: 3.369658 5.490482 -0.156426 0.051886 -0.003540 0.830238 0.554978
epoch: 638 pose: 3.350727 5.536543 -0.151925 0.052050 -0.003917 0.830427 0.554677
epoch: 639 pose: 3.331763 5.582583 -0.147386 0.052240 -0.004309 0.830853 0.554018
epoch: 640 pose: 3.312731 5.628592 -0.142814 0.052445 -0.004729 0.831689 0.552740
epoch: 641 pose: 3.293558 5.674538 -0.138194 0.052691 -0.005110 0.832195 0.551951
epoch: 642 pose: 3.274297 5.720446 -0.133533 0.052909 -0.005502 0.833096 0.550564
epoch: 643 pose: 3.254890 5.766281 -0.128826 0.053096 -0.005896 0.833695 0.549635
epoch: 644 pose: 3.235379 5.812078 -0.124068 0.053280 -0.006315 0.834620 0.548207
epoch: 645 pose: 3.215716 5.857798 -0.119279 0.053456 -0.006733 0.835416 0.546971
epoch: 646 pose: 3.195923 5.903457 -0.114441 0.053628 -0.007113 0.835971 0.546101
epoch: 647 pose: 3.176029 5.949070 -0.109575 0.053806 -0.007486 0.836849 0.544732
epoch: 648 pose: 3.155988 5.994623 -0.104673 0.053965 -0.007857 0.838104 0.542778
epoch: 649 pose: 3.135739 6.040069 -0.099724 0.054133 -0.008177 0.838974 0.541410
epoch: 650 pose: 3.115346 6.085449 -0.094743 0.054315 -0.008531 0.839909 0.539935
epoch: 651 pose: 3.094794 6.130750 -0.089716 0.054518 -0.008966 0.841155 0.537964
epoch: 652 pose: 3.074029 6.175959 -0.084657 0.054708 -0.009416 0.842539 0.535768
epoch: 653 pose: 3.053033 6.221045 -0.079537 0.054878 -0.009848 0.843654 0.533985
epoch: 654 pose: 3.031847 6.266039 -0.074380 0.055067 -0.010325 0.845057 0.531732
epoch: 655 pose: 3.010428 6.310914 -0.069178 0.055246 -0.010792 0.846244 0.529813
epoch: 656 pose: 2.988802 6.355692 -0.063932 0.055455 -0.011309 0.847877 0.527163
epoch: 657 pose: 2.966899 6.400328 -0.058631 0.055727 -0.011816 0.849567 0.524396
epoch: 658 pose: 2.944711 6.444810 -0.053280 0.055992 -0.012274 0.851135 0.521808
epoch: 659 pose: 2.922252 6.489155 -0.047876 0.056259 -0.012772 0.853136 0.518489
epoch: 660 pose: 2.899452 6.533318 -0.042409 0.056526 -0.013195 0.854773 0.515745
epoch: 661 pose: 2.876373 6.577328 -0.036893 0.056835 -0.013618 0.856051 0.513577
epoch: 662 pose: 2.853073 6.621213 -0.031330 0.057123 -0.014106 0.857581 0.510972
epoch: 663 pose: 2.829508 6.664953 -0.025709 0.057408 -0.014549 0.859007 0.508527
epoch: 664 pose: 2.805697 6.708553 -0.020037 0.057687 -0.015060 0.860541 0.505880
epoch: 665 pose: 2.781622 6.751996 -0.014319 0.057985 -0.015505 0.861742 0.503783
epoch: 666 pose: 2.757338 6.795323 -0.008535 0.058289 -0.015977 0.862758 0.501992
epoch: 667 pose: 2.732881 6.838537 -0.002704 0.058596 -0.016486 0.863622 0.500452
epoch: 668 pose: 2.708271 6.881659 0.003180 -0.058962 0.016969 -0.864110 -0.499549
epoch: 669 pose: 2.683570 6.924731 0.009124 -0.059338 0.017410 -0.864643 -0.498566
epoch: 670 pose: 2.658779 6.967735 0.015123 -0.059748 0.017799 -0.864994 -0.497894
epoch: 671 pose: 2.633924 7.010696 0.021172 -0.060122 0.018192 -0.865165 -0.497538
epoch: 672 pose: 2.609041 7.053632 0.027287 -0.060441 0.018621 -0.865588 -0.496747
epoch: 673 pose: 2.584081 7.096518 0.033450 -0.060772 0.018999 -0.865988 -0.495995
epoch: 674 pose: 2.559052 7.139356 0.039647 -0.061076 0.019406 -0.866601 -0.494869
epoch: 675 pose: 2.533915 7.182120 0.045898 -0.061419 0.019746 -0.866989 -0.494134
epoch: 676 pose: 2.508711 7.224839 0.052205 -0.061740 0.020116 -0.867402 -0.493354
epoch: 677 pose: 2.483430 7.267511 0.058549 -0.062046 0.020515 -0.868072 -0.492118
epoch: 678 pose: 2.458033 7.310099 0.064947 -0.062388 0.020936 -0.869007 -0.490405
epoch: 679 pose: 2.432471 7.352588 0.071387 -0.062790 0.021322 -0.869846 -0.488846
epoch: 680 pose: 2.406762 7.394973 0.077894 -0.063221 0.021768 -0.870986 -0.486736
epoch: 681 pose: 2.380856 7.437229 0.084456 -0.063702 0.022213 -0.872175 -0.484520
epoch: 682 pose: 2.354735 7.479349 0.091088 -0.064186 0.022688 -0.873289 -0.482423
epoch: 683 pose: 2.328422 7.521331 0.097790 -0.064729 0.023081 -0.873980 -0.481079
epoch: 684 pose: 2.301984 7.563225 0.104557 -0.065243 0.023505 -0.874877 -0.479355
epoch: 685 pose: 2.275385 7.605014 0.111393 -0.065740 0.023912 -0.875446 -0.478226
epoch: 686 pose: 2.248685 7.646725 0.118290 -0.066193 0.024339 -0.876203 -0.476753
epoch: 687 pose: 2.221851 7.688339 0.125258 -0.066694 0.024708 -0.876725 -0.475705
epoch: 688 pose: 2.194926 7.729880 0.132279 -0.067236 0.025065 -0.877148 -0.474829
epoch: 689 pose: 2.167922 7.771363 0.139370 -0.067805 0.025447 -0.877588 -0.473914
epoch: 690 pose: 2.140839 7.812783 0.146524 -0.068374 0.025797 -0.878070 -0.472919
epoch: 691 pose: 2.113674 7.854129 0.153748 -0.068943 0.026149 -0.878672 -0.471698
epoch: 692 pose: 2.086399 7.895394 0.161030 -0.069461 0.026578 -0.879677 -0.469720
epoch: 693 pose: 2.058942 7.936535 0.168400 -0.069994 0.026950 -0.880407 -0.468250
epoch: 694 pose: 2.031360 7.977568 0.175825 -0.070476 0.027332 -0.881481 -0.466129
epoch: 695 pose: 2.003585 8.018464 0.183317 -0.070991 0.027742 -0.882565 -0.463971
epoch: 696 pose: 1.975615 8.059218 0.190866 -0.071524 0.028124 -0.883498 -0.462087
epoch: 697 pose: 1.947480 8.099839 0.198484 -0.072050 0.028555 -0.884572 -0.459919
epoch: 698 pose: 1.919154 8.140317 0.206174 -0.072601 0.029050 -0.885935 -0.457169
epoch: 699 pose: 1.890582 8.180606 0.213934 -0.073149 0.029576 -0.887718 -0.453577
epoch: 700 pose: 1.861692 8.220655 0.221777 -0.073704 0.030133 -0.889607 -0.449733
epoch: 701 pose: 1.832463 8.260440 0.229684 -0.074215 0.030661 -0.891163 -0.446520
epoch: 702 pose: 1.802952 8.300006 0.237673 -0.074741 0.031236 -0.892983 -0.442741
epoch: 703 pose: 1.773114 8.339304 0.245721 -0.075246 0.031773 -0.894694 -0.439147
epoch: 704 pose: 1.742960 8.378354 0.253852 -0.075767 0.032263 -0.896270 -0.435796
epoch: 705 pose: 1.712525 8.417171 0.262051 -0.076254 0.032707 -0.897779 -0.432561
epoch: 706 pose: 1.681814 8.455753 0.270311 -0.076696 0.033236 -0.899601 -0.428638
epoch: 707 pose: 1.650773 8.494063 0.278628 -0.077121 0.033707 -0.901182 -0.425190
epoch: 708 pose: 1.619445 8.532118 0.287021 -0.077557 0.034173 -0.902537 -0.422189
epoch: 709 pose: 1.587869 8.569960 0.295466 -0.078013 0.034633 -0.904055 -0.418807
epoch: 710 pose: 1.556019 8.607551 0.303972 -0.078493 0.034960 -0.905154 -0.416309
epoch: 711 pose: 1.523966 8.644957 0.312533 -0.078914 0.035337 -0.906637 -0.412957
epoch: 712 pose: 1.491642 8.682117 0.321143 -0.079373 0.035638 -0.907821 -0.410234
epoch: 713 pose: 1.459100 8.719077 0.329807 -0.079841 0.036029 -0.909383 -0.406632
epoch: 714 pose: 1.426276 8.755767 0.338536 -0.080296 0.036369 -0.910955 -0.402978
epoch: 715 pose: 1.393157 8.792187 0.347313 -0.080746 0.036728 -0.912511 -0.399317
epoch: 716 pose: 1.359756 8.828327 0.356145 -0.081225 0.036990 -0.913715 -0.396434
epoch: 717 pose: 1.326123 8.864253 0.365034 -0.081710 0.037324 -0.915243 -0.392759
epoch: 718 pose: 1.292216 8.899894 0.373978 -0.082238 0.037606 -0.916626 -0.389382
epoch: 719 pose: 1.258053 8.935278 0.382978 -0.082754 0.037961 -0.918133 -0.385671
epoch: 720 pose: 1.223615 8.970372 0.392035 -0.083303 0.038295 -0.919620 -0.381959
epoch: 721 pose: 1.188901 9.005174 0.401165 -0.083844 0.038555 -0.920961 -0.378570
epoch: 722 pose: 1.153939 9.039722 0.410342 -0.084362 0.038831 -0.922503 -0.374651
epoch: 723 pose: 1.118687 9.073951 0.419571 -0.084902 0.039132 -0.924261 -0.370139
epoch: 724 pose: 1.083107 9.107831 0.428871 -0.085480 0.039429 -0.926087 -0.365378
epoch: 725 pose: 1.047187 9.141329 0.438223 -0.086093 0.039662 -0.927588 -0.361379
epoch: 726 pose: 1.010989 9.174507 0.447643 -0.086734 0.039901 -0.929220 -0.356980
epoch: 727 pose: 0.974485 9.207332 0.457123 -0.087302 0.040233 -0.931072 -0.351944
epoch: 728 pose: 0.937635 9.239757 0.466670 -0.087897 0.040455 -0.932652 -0.347560
epoch: 729 pose: 0.900488 9.271814 0.476275 -0.088464 0.040678 -0.934171 -0.343284
epoch: 730 pose: 0.863052 9.303520 0.485934 -0.089021 0.040891 -0.935809 -0.338621
epoch: 731 pose: 0.825311 9.334850 0.495645 -0.089581 0.041123 -0.937466 -0.333829
epoch: 732 pose: 0.787255 9.365774 0.505425 -0.090204 0.041281 -0.938881 -0.329639
epoch: 733 pose: 0.748937 9.396350 0.515248 -0.090877 0.041417 -0.940170 -0.325739
epoch: 734 pose: 0.710369 9.426597 0.525146 -0.091592 0.041573 -0.941412 -0.321910
epoch: 735 pose: 0.671570 9.456523 0.535115 -0.092292 0.041754 -0.942886 -0.317342
epoch: 736 pose: 0.632491 9.486059 0.545140 -0.093022 0.041894 -0.944057 -0.313605
epoch: 737 pose: 0.593194 9.515277 0.555228 -0.093736 0.042074 -0.945432 -0.309195
epoch: 738 pose: 0.553635 9.544115 0.565394 -0.094465 0.042246 -0.946786 -0.304775
epoch: 739 pose: 0.513818 9.572573 0.575629 -0.095207 0.042340 -0.947975 -0.300808
epoch: 740 pose: 0.473774 9.600688 0.585933 -0.095903 0.042520 -0.949340 -0.296225
epoch: 741 pose: 0.433467 9.628400 0.596297 -0.096677 0.042617 -0.950509 -0.292181
epoch: 742 pose: 0.392934 9.655767 0.606731 -0.097428 0.042685 -0.951597 -0.288356
epoch: 743 pose: 0.352202 9.682786 0.617231 -0.098196 0.042740 -0.952666 -0.284533
epoch: 744 pose: 0.311261 9.709476 0.627797 -0.098951 0.042746 -0.953737 -0.280656
epoch: 745 pose: 0.270114 9.735817 0.638439 -0.099639 0.042847 -0.955068 -0.275830
epoch: 746 pose: 0.228718 9.761737 0.649129 -0.100298 0.042936 -0.956326 -0.271176
epoch: 747 pose: 0.187080 9.787238 0.659891 -0.100913 0.043099 -0.957741 -0.265879
epoch: 748 pose: 0.145168 9.812268 0.670696 -0.101572 0.043231 -0.958965 -0.261150
epoch: 749 pose: 0.103022 9.836871 0.681566 -0.102157 0.043395 -0.960347 -0.255761
epoch: 750 pose: 0.060610 9.860987 0.692493 -0.102761 0.043600 -0.961662 -0.250492
epoch: 751 pose: 0.017938 9.884633 0.703462 -0.103407 0.043777 -0.962935 -0.245250
epoch: 752 pose: -0.024975 9.907791 0.714490 -0.104049 0.043952 -0.964079 -0.240405
epoch: 753 pose: -0.068118 9.930513 0.725584 -0.104696 0.044173 -0.965270 -0.235246
epoch: 754 pose: -0.111495 9.952761 0.736734 -0.105386 0.044338 -0.966385 -0.230280
epoch: 755 pose: -0.155079 9.974545 0.747940 -0.106086 0.044423 -0.967305 -0.226038
epoch: 756 pose: -0.198844 9.995942 0.759208 -0.106791 0.044616 -0.968392 -0.220956
epoch: 757 pose: -0.242822 10.016864 0.770538 -0.107507 0.044782 -0.969465 -0.215813
epoch: 758 pose: -0.287001 10.037306 0.781929 -0.108185 0.044981 -0.970617 -0.210178
epoch: 759 pose: -0.331425 10.057222 0.793373 -0.108854 0.045196 -0.971838 -0.204056
epoch: 760 pose: -0.376077 10.076566 0.804859 -0.109490 0.045488 -0.973199 -0.197045
epoch: 761 pose: -0.420995 10.095241 0.816411 -0.110179 0.045723 -0.974341 -0.190863
epoch: 762 pose: -0.466141 10.113336 0.828012 -0.110873 0.045985 -0.975504 -0.184349
epoch: 763 pose: -0.511517 10.130809 0.839680 -0.111513 0.046290 -0.976773 -0.177021
epoch: 764 pose: -0.557139 10.147580 0.851377 -0.112171 0.046505 -0.977869 -0.170374
epoch: 765 pose: -0.602973 10.163716 0.863145 -0.112845 0.046752 -0.979025 -0.163065
epoch: 766 pose: -0.649046 10.179148 0.874956 -0.113475 0.047115 -0.980234 -0.155061
epoch: 767 pose: -0.695351 10.193807 0.886810 -0.114131 0.047472 -0.981306 -0.147508
epoch: 768 pose: -0.741869 10.207738 0.898707 -0.114691 0.047910 -0.982446 -0.139108
epoch: 769 pose: -0.788622 10.220860 0.910644 -0.115220 0.048321 -0.983474 -0.131027
epoch: 770 pose: -0.835571 10.233188 0.922602 -0.115703 0.048828 -0.984496 -0.122461
epoch: 771 pose: -0.882723 10.244685 0.934606 -0.116101 0.049488 -0.985553 -0.112946
epoch: 772 pose: -0.930096 10.255241 0.946623 -0.116521 0.050130 -0.986464 -0.103912
epoch: 773 pose: -0.977656 10.264908 0.958633 -0.116910 0.050850 -0.987377 -0.093988
epoch: 774 pose: -1.025411 10.273596 0.970661 -0.117246 0.051558 -0.988204 -0.083956
epoch: 775 pose: -1.073331 10.281284 0.982684 -0.117530 0.052251 -0.988949 -0.073729
epoch: 776 pose: -1.121415 10.287963 0.994691 -0.117803 0.052822 -0.989541 -0.064343
epoch: 777 pose: -1.169608 10.293709 1.006684 -0.118031 0.053362 -0.990039 -0.055172
epoch: 778 pose: -1.217924 10.298531 1.018668 -0.118260 0.053845 -0.990444 -0.046227
epoch: 779 pose: -1.266323 10.302467 1.030625 -0.118474 0.054247 -0.990754 -0.037771
epoch: 780 pose: -1.314785 10.305570 1.042561 -0.118603 0.054771 -0.991016 -0.028660
epoch: 781 pose: -1.363301 10.307759 1.054471 -0.118675 0.055280 -0.991203 -0.019411
epoch: 782 pose: -1.411834 10.309029 1.066354 -0.118644 0.055862 -0.991321 -0.009306
epoch: 783 pose: -1.460427 10.309290 1.078157 -0.118613 0.056324 -0.991342 0.000243
epoch: 784 pose: -1.509019 10.308594 1.089922 -0.118633 0.056640 -0.991281 0.008978
epoch: 785 pose: -1.557599 10.307033 1.101625 -0.118630 0.057055 -0.991124 0.018568
epoch: 786 pose: -1.606150 10.304522 1.113274 -0.118546 0.057597 -0.990855 0.028896
epoch: 787 pose: -1.654659 10.300975 1.124858 -0.118434 0.058250 -0.990448 0.039914
epoch: 788 pose: -1.703112 10.296325 1.136361 -0.118273 0.058866 -0.989938 0.050692
epoch: 789 pose: -1.751449 10.290611 1.147772 -0.118113 0.059370 -0.989350 0.060916
epoch: 790 pose: -1.799689 10.283887 1.159087 -0.117973 0.059810 -0.988714 0.070357
epoch: 791 pose: -1.847797 10.276225 1.170330 -0.117893 0.060176 -0.988064 0.078799
epoch: 792 pose: -1.895782 10.267737 1.181501 -0.117782 0.060637 -0.987258 0.088156
epoch: 793 pose: -1.943627 10.258320 1.192594 -0.117676 0.061128 -0.986329 0.097834
epoch: 794 pose: -1.991278 10.247951 1.203604 -0.117658 0.061475 -0.985405 0.106557
epoch: 795 pose: -2.038762 10.236727 1.214541 -0.117666 0.061709 -0.984485 0.114610
epoch: 796 pose: -2.086061 10.224715 1.225426 -0.117597 0.062018 -0.983397 0.123508
epoch: 797 pose: -2.133148 10.211842 1.236226 -0.117531 0.062241 -0.982318 0.131769
epoch: 798 pose: -2.180032 10.198162 1.246948 -0.117518 0.062384 -0.981260 0.139382
epoch: 799 pose: -2.226715 10.183752 1.257618 -0.117478 0.062564 -0.980042 0.147657
epoch: 800 pose: -2.273151 10.168545 1.268205 -0.117446 0.062784 -0.978748 0.155940
epoch: 801 pose: -2.319332 10.152545 1.278715 -0.117366 0.063132 -0.977238 0.165060
epoch: 802 pose: -2.365235 10.135672 1.289150 -0.117289 0.063418 -0.975791 0.173361
epoch: 803 pose: -2.410859 10.118010 1.299491 -0.117249 0.063671 -0.974368 0.181124
epoch: 804 pose: -2.456203 10.099616 1.309763 -0.117254 0.063838 -0.972957 0.188499
epoch: 805 pose: -2.501273 10.080526 1.319966 -0.117154 0.064062 -0.971360 0.196548
epoch: 806 pose: -2.546043 10.060686 1.330087 -0.117019 0.064233 -0.969713 0.204542
epoch: 807 pose: -2.590494 10.040100 1.340123 -0.116919 0.064295 -0.968111 0.212032
epoch: 808 pose: -2.634633 10.018816 1.350072 -0.116788 0.064409 -0.966433 0.219589
epoch: 809 pose: -2.678448 9.996846 1.359941 -0.116608 0.064606 -0.964577 0.227639
epoch: 810 pose: -2.721910 9.974138 1.369724 -0.116457 0.064758 -0.962820 0.234992
epoch: 811 pose: -2.765027 9.950764 1.379417 -0.116256 0.064911 -0.960995 0.242402
epoch: 812 pose: -2.807801 9.926712 1.389016 -0.116092 0.065043 -0.959113 0.249788
epoch: 813 pose: -2.850222 9.902000 1.398520 -0.115890 0.065252 -0.956941 0.258021
epoch: 814 pose: -2.892218 9.876556 1.407932 -0.115673 0.065344 -0.954910 0.265512
epoch: 815 pose: -2.933835 9.850444 1.417237 -0.115481 0.065378 -0.953043 0.272209
epoch: 816 pose: -2.975092 9.823747 1.426462 -0.115229 0.065530 -0.950961 0.279465
epoch: 817 pose: -3.015944 9.796421 1.435589 -0.114999 0.065597 -0.949044 0.285987
epoch: 818 pose: -3.056446 9.768528 1.444627 -0.114673 0.065737 -0.946851 0.293261
epoch: 819 pose: -3.096520 9.740007 1.453561 -0.114383 0.065886 -0.944581 0.300570
epoch: 820 pose: -3.136170 9.710866 1.462387 -0.114166 0.065999 -0.942423 0.307326
epoch: 821 pose: -3.175426 9.681150 1.471113 -0.113977 0.066050 -0.940482 0.313275
epoch: 822 pose: -3.214309 9.650937 1.479768 -0.113839 0.065985 -0.938745 0.318503
epoch: 823 pose: -3.252870 9.620288 1.488351 -0.113776 0.065882 -0.937102 0.323349
epoch: 824 pose: -3.291121 9.589239 1.496887 -0.113710 0.065770 -0.935578 0.327779
epoch: 825 pose: -3.329085 9.557824 1.505369 -0.113740 0.065568 -0.934296 0.331443
epoch: 826 pose: -3.366803 9.526112 1.513823 -0.113754 0.065450 -0.932737 0.335825
epoch: 827 pose: -3.404229 9.494048 1.522231 -0.113749 0.065384 -0.931090 0.340379
epoch: 828 pose: -3.441349 9.461614 1.530596 -0.113769 0.065308 -0.929483 0.344752
epoch: 829 pose: -3.478170 9.428827 1.538922 -0.113777 0.065259 -0.927863 0.349095
epoch: 830 pose: -3.514692 9.395693 1.547198 -0.113724 0.065235 -0.926097 0.353773
epoch: 831 pose: -3.550883 9.362187 1.555423 -0.113606 0.065183 -0.924316 0.358448
epoch: 832 pose: -3.586743 9.328313 1.563591 -0.113429 0.065263 -0.922237 0.363805
epoch: 833 pose: -3.622221 9.294020 1.571683 -0.113162 0.065479 -0.919832 0.369887
epoch: 834 pose: -3.657254 9.259257 1.579669 -0.112880 0.065752 -0.917148 0.376529
epoch: 835 pose: -3.691802 9.223981 1.587550 -0.112527 0.066087 -0.914108 0.383897
epoch: 836 pose: -3.725797 9.188143 1.595301 -0.112180 0.066296 -0.911378 0.390399
epoch: 837 pose: -3.759295 9.151824 1.602931 -0.111828 0.066504 -0.908455 0.397217
epoch: 838 pose: -3.792282 9.114982 1.610444 -0.111536 0.066628 -0.905816 0.403258
epoch: 839 pose: -3.824775 9.077710 1.617862 -0.111174 0.066796 -0.902906 0.409805
epoch: 840 pose: -3.856739 9.039959 1.625171 -0.110812 0.066994 -0.899898 0.416432
epoch: 841 pose: -3.888170 9.001744 1.632353 -0.110427 0.067156 -0.896809 0.423120
epoch: 842 pose: -3.919052 8.963053 1.639410 -0.110068 0.067273 -0.893859 0.429390
epoch: 843 pose: -3.949406 8.923928 1.646356 -0.109728 0.067358 -0.891074 0.435213
epoch: 844 pose: -3.979255 8.884411 1.653202 -0.109433 0.067438 -0.888301 0.440905
epoch: 845 pose: -4.008616 8.844508 1.659953 -0.109056 0.067669 -0.885114 0.447326
epoch: 846 pose: -4.037417 8.804177 1.666576 -0.108582 0.067943 -0.881593 0.454298
epoch: 847 pose: -4.065595 8.763389 1.673068 -0.108015 0.068268 -0.877622 0.462009
epoch: 848 pose: -4.093079 8.722114 1.679405 -0.107412 0.068567 -0.873702 0.469475
epoch: 849 pose: -4.119880 8.680363 1.685570 -0.106834 0.068756 -0.870137 0.476151
epoch: 850 pose: -4.146067 8.638197 1.691600 -0.106210 0.068962 -0.866512 0.482826
epoch: 851 pose: -4.171627 8.595630 1.697478 -0.105505 0.069312 -0.862395 0.490243
epoch: 852 pose: -4.196484 8.552624 1.703189 -0.104811 0.069626 -0.858264 0.497545
epoch: 853 pose: -4.220645 8.509188 1.708721 -0.104130 0.069831 -0.854440 0.504196
epoch: 854 pose: -4.244140 8.465382 1.714092 -0.103458 0.070037 -0.850758 0.510491
epoch: 855 pose: -4.267003 8.421228 1.719321 -0.102778 0.070198 -0.847285 0.516350
epoch: 856 pose: -4.289283 8.376757 1.724402 -0.102128 0.070282 -0.844221 0.521461
epoch: 857 pose: -4.311045 8.332017 1.729355 -0.101438 0.070417 -0.840982 0.526784
epoch: 858 pose: -4.332267 8.286996 1.734173 -0.100754 0.070574 -0.837646 0.532182
epoch: 859 pose: -4.352932 8.241705 1.738853 -0.100121 0.070644 -0.834558 0.537121
epoch: 860 pose: -4.373081 8.196169 1.743414 -0.099505 0.070634 -0.831809 0.541482
epoch: 861 pose: -4.392767 8.150429 1.747864 -0.098943 0.070563 -0.829559 0.545035
epoch: 862 pose: -4.412085 8.104518 1.752222 -0.098428 0.070476 -0.827486 0.548281
epoch: 863 pose: -4.431053 8.058453 1.756504 -0.097857 0.070449 -0.824923 0.552234
epoch: 864 pose: -4.449600 8.012209 1.760688 -0.097231 0.070447 -0.822053 0.556608
epoch: 865 pose: -4.467672 7.965766 1.764761 -0.096640 0.070476 -0.819017 0.561164
epoch: 866 pose: -4.485248 7.919127 1.768723 -0.096054 0.070506 -0.816051 0.565565
epoch: 867 pose: -4.502340 7.872299 1.772573 -0.095473 0.070507 -0.813421 0.569438
epoch: 868 pose: -4.519002 7.825309 1.776323 -0.094916 0.070550 -0.810639 0.573479
epoch: 869 pose: -4.535215 7.778151 1.779970 -0.094271 0.070660 -0.807520 0.577955
epoch: 870 pose: -4.550923 7.730816 1.783497 -0.093590 0.070744 -0.804412 0.582373
epoch: 871 pose: -4.566132 7.683306 1.786906 -0.092932 0.070844 -0.801569 0.586371
epoch: 872 pose: -4.580886 7.635647 1.790197 -0.092302 0.070987 -0.798508 0.590615
epoch: 873 pose: -4.595151 7.587830 1.793379 -0.091582 0.071246 -0.794851 0.595608
epoch: 874 pose: -4.608837 7.539834 1.796418 -0.090865 0.071518 -0.791194 0.600533
epoch: 875 pose: -4.621947 7.491669 1.799308 -0.090142 0.071848 -0.787418 0.605545
epoch: 876 pose: -4.634460 7.443341 1.802056 -0.089479 0.072082 -0.783965 0.610080
epoch: 877 pose: -4.646438 7.394866 1.804671 -0.088878 0.072292 -0.780850 0.614123
epoch: 878 pose: -4.657929 7.346271 1.807177 -0.088282 0.072519 -0.777731 0.618128
epoch: 879 pose: -4.668943 7.297553 1.809563 -0.087687 0.072686 -0.774658 0.622039
epoch: 880 pose: -4.679485 7.248727 1.811828 -0.087160 0.072750 -0.772009 0.625390
epoch: 881 pose: -4.689613 7.199814 1.814012 -0.086739 0.072746 -0.769846 0.628109
epoch: 882 pose: -4.699412 7.150830 1.816118 -0.086381 0.072686 -0.767981 0.630444
epoch: 883 pose: -4.708920 7.101785 1.818170 -0.086106 0.072588 -0.766651 0.632110
epoch: 884 pose: -4.718221 7.052702 1.820188 -0.085802 0.072578 -0.765092 0.634038
epoch: 885 pose: -4.727285 7.003566 1.822149 -0.085475 0.072576 -0.763667 0.635798
epoch: 886 pose: -4.736132 6.954392 1.824064 -0.085163 0.072609 -0.762266 0.637515
epoch: 887 pose: -4.744764 6.905180 1.825926 -0.084770 0.072757 -0.760226 0.639982
epoch: 888 pose: -4.753090 6.855909 1.827713 -0.084393 0.072891 -0.758052 0.642590
epoch: 889 pose: -4.761084 6.806581 1.829432 -0.083962 0.073148 -0.755445 0.645680
epoch: 890 pose: -4.768692 6.757189 1.831049 -0.083456 0.073491 -0.752264 0.649410
epoch: 891 pose: -4.775825 6.707718 1.832560 -0.082980 0.073775 -0.749625 0.652483
epoch: 892 pose: -4.782561 6.658194 1.833965 -0.082541 0.073990 -0.747275 0.655204
epoch: 893 pose: -4.788950 6.608620 1.835289 -0.082032 0.074216 -0.744459 0.658440
epoch: 894 pose: -4.794922 6.558995 1.836510 -0.081526 0.074510 -0.741312 0.662010
epoch: 895 pose: -4.800433 6.509312 1.837611 -0.080941 0.074848 -0.737888 0.665858
epoch: 896 pose: -4.805444 6.459573 1.838601 -0.080436 0.075163 -0.734629 0.669478
epoch: 897 pose: -4.809974 6.409790 1.839481 -0.079989 0.075402 -0.731855 0.672536
epoch: 898 pose: -4.814105 6.359967 1.840260 -0.079555 0.075613 -0.729484 0.675135
epoch: 899 pose: -4.817890 6.310113 1.840967 -0.079161 0.075824 -0.727545 0.677246
epoch: 900 pose: -4.821394 6.260242 1.841582 -0.078691 0.076043 -0.725130 0.679862
epoch: 901 pose: -4.824554 6.210348 1.842121 -0.078130 0.076292 -0.722459 0.682736
epoch: 902 pose: -4.827326 6.160425 1.842556 -0.077455 0.076582 -0.719177 0.686236
epoch: 903 pose: -4.829637 6.110480 1.842866 -0.076820 0.076861 -0.716181 0.689402
epoch: 904 pose: -4.831521 6.060516 1.843074 -0.076173 0.077202 -0.712914 0.692814
epoch: 905 pose: -4.832942 6.010535 1.843151 -0.075493 0.077524 -0.709454 0.696395
epoch: 906 pose: -4.833870 5.960547 1.843112 -0.074785 0.077862 -0.705717 0.700220
epoch: 907 pose: -4.834281 5.910551 1.842941 -0.074080 0.078137 -0.702584 0.703408
epoch: 908 pose: -4.834250 5.860546 1.842641 -0.073332 0.078515 -0.698785 0.707218
epoch: 909 pose: -4.833698 5.810549 1.842211 -0.072528 0.078977 -0.694448 0.711509
epoch: 910 pose: -4.832541 5.760567 1.841632 -0.071759 0.079417 -0.690479 0.715390
epoch: 911 pose: -4.830847 5.710601 1.840907 -0.071047 0.079836 -0.686943 0.718810
epoch: 912 pose: -4.828674 5.660655 1.840050 -0.070240 0.080279 -0.682906 0.722677
epoch: 913 pose: -4.825958 5.610740 1.839047 -0.069385 0.080714 -0.678935 0.726442
epoch: 914 pose: -4.822708 5.560860 1.837892 -0.068658 0.081073 -0.675569 0.729602
epoch: 915 pose: -4.819009 5.511015 1.836610 -0.067898 0.081419 -0.672356 0.732597
epoch: 916 pose: -4.814880 5.461208 1.835214 -0.067096 0.081799 -0.668683 0.735983
epoch: 917 pose: -4.810264 5.411443 1.833678 -0.066284 0.082224 -0.664565 0.739729
epoch: 918 pose: -4.805105 5.361741 1.832005 -0.065529 0.082633 -0.660670 0.743232
epoch: 919 pose: -4.799435 5.312094 1.830186 -0.064866 0.083006 -0.657434 0.746112
epoch: 920 pose: -4.793347 5.262503 1.828257 -0.064166 0.083475 -0.653820 0.749289
epoch: 921 pose: -4.786788 5.212978 1.826197 -0.063522 0.083921 -0.650385 0.752277
epoch: 922 pose: -4.779793 5.163518 1.824013 -0.062820 0.084405 -0.646196 0.755884
epoch: 923 pose: -4.772260 5.114151 1.821697 -0.062099 0.084911 -0.641409 0.759952
epoch: 924 pose: -4.764120 5.064874 1.819219 -0.061313 0.085424 -0.636018 0.764476
epoch: 925 pose: -4.755303 5.015726 1.816591 -0.060492 0.085907 -0.630238 0.769260
epoch: 926 pose: -4.745762 4.966728 1.813794 -0.059754 0.086361 -0.624983 0.773542
epoch: 927 pose: -4.735567 4.917873 1.810856 -0.058975 0.086786 -0.619787 0.777724
epoch: 928 pose: -4.724736 4.869159 1.807759 -0.058099 0.087254 -0.614113 0.782225
epoch: 929 pose: -4.713204 4.820615 1.804497 -0.057303 0.087691 -0.608617 0.786519
epoch: 930 pose: -4.701009 4.772237 1.801086 -0.056586 0.088092 -0.603343 0.790579
epoch: 931 pose: -4.688183 4.724036 1.797527 -0.055834 0.088461 -0.597944 0.794683
epoch: 932 pose: -4.674716 4.676025 1.793833 -0.055041 0.088888 -0.592158 0.799011
epoch: 933 pose: -4.660570 4.628224 1.789997 -0.054244 0.089319 -0.585913 0.803608
epoch: 934 pose: -4.645700 4.580656 1.785995 -0.053374 0.089838 -0.578891 0.808682
epoch: 935 pose: -4.630020 4.533368 1.781821 -0.052447 0.090439 -0.571016 0.814255
epoch: 936 pose: -4.613447 4.486400 1.777447 -0.051480 0.091039 -0.563094 0.819748
epoch: 937 pose: -4.595986 4.439775 1.772889 -0.050527 0.091596 -0.555691 0.824782
epoch: 938 pose: -4.577708 4.393482 1.768141 -0.049671 0.092109 -0.549024 0.829229
epoch: 939 pose: -4.558704 4.347503 1.763234 -0.048916 0.092607 -0.543031 0.833156
epoch: 940 pose: -4.539048 4.301804 1.758173 -0.048210 0.093091 -0.537590 0.836664
epoch: 941 pose: -4.518813 4.256377 1.752978 -0.047468 0.093568 -0.532135 0.840133
epoch: 942 pose: -4.498003 4.211224 1.747642 -0.046754 0.094064 -0.527027 0.843332
epoch: 943 pose: -4.476664 4.166343 1.742172 -0.046117 0.094535 -0.522147 0.846344
epoch: 944 pose: -4.454821 4.121716 1.736583 -0.045526 0.094936 -0.517859 0.848962
epoch: 945 pose: -4.432538 4.077314 1.730882 -0.044875 0.095321 -0.513171 0.851796
epoch: 946 pose: -4.409780 4.033174 1.725063 -0.044220 0.095648 -0.508476 0.854604
epoch: 947 pose: -4.386557 3.989301 1.719135 -0.043609 0.095994 -0.504203 0.857125
epoch: 948 pose: -4.362900 3.945667 1.713112 -0.042961 0.096339 -0.499457 0.859893
epoch: 949 pose: -4.338774 3.902305 1.706973 -0.042343 0.096659 -0.494881 0.862529
epoch: 950 pose: -4.314200 3.859205 1.700729 -0.041767 0.096971 -0.490871 0.864811
epoch: 951 pose: -4.289239 3.816349 1.694389 -0.041101 0.097307 -0.486277 0.867396
epoch: 952 pose: -4.263832 3.773764 1.687948 -0.040385 0.097717 -0.481221 0.870199
epoch: 953 pose: -4.237944 3.731492 1.681388 -0.039603 0.098121 -0.475394 0.873387
epoch: 954 pose: -4.211510 3.689590 1.674697 -0.038822 0.098522 -0.470024 0.876278
epoch: 955 pose: -4.184570 3.648022 1.667891 -0.037978 0.098921 -0.464584 0.879167
epoch: 956 pose: -4.157136 3.606809 1.660962 -0.037096 0.099316 -0.459004 0.882086
epoch: 957 pose: -4.129189 3.565955 1.653911 -0.036225 0.099752 -0.453438 0.884947
epoch: 958 pose: -4.100746 3.525468 1.646726 -0.035323 0.100186 -0.447484 0.887960
epoch: 959 pose: -4.071773 3.485378 1.639410 -0.034520 0.100625 -0.442324 0.890524
epoch: 960 pose: -4.042349 3.445634 1.631976 -0.033640 0.101070 -0.436527 0.893363
epoch: 961 pose: -4.012425 3.406294 1.624413 -0.032758 0.101460 -0.430783 0.896135
epoch: 962 pose: -3.982010 3.367355 1.616733 -0.031883 0.101822 -0.425120 0.898826
epoch: 963 pose: -3.951119 3.328821 1.608937 -0.031000 0.102216 -0.419396 0.901498
epoch: 964 pose: -3.919756 3.290697 1.601020 -0.030133 0.102628 -0.413723 0.904098
epoch: 965 pose: -3.887924 3.252984 1.592991 -0.029315 0.103031 -0.408553 0.906427
epoch: 966 pose: -3.855677 3.215648 1.584850 -0.028483 0.103454 -0.402860 0.908950
epoch: 967 pose: -3.822977 3.178733 1.576594 -0.027602 0.103884 -0.396882 0.911554
epoch: 968 pose: -3.789809 3.142272 1.568225 -0.026672 0.104310 -0.389999 0.914499
epoch: 969 pose: -3.756108 3.106329 1.559725 -0.025655 0.104712 -0.382525 0.917634
epoch: 970 pose: -3.721835 3.070957 1.551100 -0.024649 0.105115 -0.375576 0.920481
epoch: 971 pose: -3.687044 3.036128 1.542346 -0.023655 0.105512 -0.368951 0.923138
epoch: 972 pose: -3.651767 3.001816 1.533480 -0.022666 0.105902 -0.362040 0.925850
epoch: 973 pose: -3.615995 2.968059 1.524497 -0.021667 0.106296 -0.355176 0.928483
epoch: 974 pose: -3.579742 2.934849 1.515398 -0.020760 0.106725 -0.348969 0.930806
epoch: 975 pose: -3.543060 2.902145 1.506189 -0.019778 0.107158 -0.342192 0.933290
epoch: 976 pose: -3.505920 2.869995 1.496863 -0.018832 0.107568 -0.336005 0.935508
epoch: 977 pose: -3.468376 2.838362 1.487433 -0.017828 0.107952 -0.329297 0.937866
epoch: 978 pose: -3.430386 2.807287 1.477895 -0.016783 0.108334 -0.321963 0.940384
epoch: 979 pose: -3.391927 2.776830 1.468250 -0.015860 0.108672 -0.315362 0.942595
epoch: 980 pose: -3.353048 2.746928 1.458505 -0.014887 0.108988 -0.307806 0.945069
epoch: 981 pose: -3.313709 2.717678 1.448663 -0.013893 0.109332 -0.299902 0.947582
epoch: 982 pose: -3.273894 2.689104 1.438722 -0.012777 0.109718 -0.291092 0.950297
epoch: 983 pose: -3.233569 2.661298 1.428671 -0.011659 0.110109 -0.282002 0.953003
epoch: 984 pose: -3.192733 2.634294 1.418503 -0.010496 0.110505 -0.272694 0.955676
epoch: 985 pose: -3.151387 2.608117 1.408229 -0.009397 0.110854 -0.264120 0.958052
epoch: 986 pose: -3.109596 2.582711 1.397859 -0.008259 0.111157 -0.255189 0.960445
epoch: 987 pose: -3.067349 2.558113 1.387397 -0.007003 0.111469 -0.245504 0.962940
epoch: 988 pose: -3.024605 2.534387 1.376833 -0.005796 0.111809 -0.236361 0.965194
epoch: 989 pose: -2.981446 2.511508 1.366174 -0.004641 0.112111 -0.227471 0.967298
epoch: 990 pose: -2.937872 2.489448 1.355429 -0.003522 0.112377 -0.218805 0.969270
epoch: 991 pose: -2.893927 2.468202 1.344612 -0.002496 0.112631 -0.210881 0.970998
epoch: 992 pose: -2.849642 2.447686 1.333713 -0.001623 0.112838 -0.203873 0.972472
epoch: 993 pose: -2.805073 2.427841 1.322771 -0.000783 0.113022 -0.196747 0.973918
epoch: 994 pose: -2.760222 2.408678 1.311788 0.000028 0.113234 -0.190135 0.975206
epoch: 995 pose: -2.715122 2.390136 1.300735 0.000831 0.113466 -0.183472 0.976454
epoch: 996 pose: -2.669776 2.372233 1.289645 0.001654 0.113673 -0.176545 0.977705
epoch: 997 pose: -2.624184 2.354992 1.278500 0.002396 0.113841 -0.169918 0.978858
epoch: 998 pose: -2.578369 2.338386 1.267318 0.003142 0.114010 -0.163686 0.979897
epoch: 999 pose: -2.532347 2.322385 1.256100 0.003863 0.114228 -0.157471 0.980887
